Subsection Index,Subsection Name,Triggered 1 Year Mean Count,Triggered 1 Day Prob,Triggered 1 Week Prob,Triggered 1 Month Prob,Triggered 1 Year Prob,Triggered 1 Year Primary Mean Count
0,"Airport Lake, Subsection 0",0.0,0.0,0.0,0.0,0.0,0.0
1,"Airport Lake, Subsection 1",0.0,0.0,0.0,0.0,0.0,0.0
2,"Airport Lake, Subsection 2",0.0,0.0,0.0,0.0,0.0,0.0
3,"Airport Lake, Subsection 3",0.0,0.0,0.0,0.0,0.0,0.0
4,"Airport Lake, Subsection 4",0.0,0.0,0.0,0.0,0.0,0.0
5,"Airport Lake, Subsection 5",0.0,0.0,0.0,0.0,0.0,0.0
6,"Almanor 2011 CFM, Subsection 0",0.0,0.0,0.0,0.0,0.0,0.0
7,"Almanor 2011 CFM, Subsection 1",0.0,0.0,0.0,0.0,0.0,0.0
8,"Almanor 2011 CFM, Subsection 2",0.0,0.0,0.0,0.0,0.0,0.0
9,"Almanor 2011 CFM, Subsection 3",0.0,0.0,0.0,0.0,0.0,0.0
10,"Almanor 2011 CFM, Subsection 4",0.0,0.0,0.0,0.0,0.0,0.0
11,"Almanor 2011 CFM, Subsection 5",0.0,0.0,0.0,0.0,0.0,0.0
12,"Almanor 2011 CFM, Subsection 6",0.0,0.0,0.0,0.0,0.0,0.0
13,"Anacapa-Dume alt 1, Subsection 0",0.0,0.0,0.0,0.0,0.0,0.0
14,"Anacapa-Dume alt 1, Subsection 1",0.0,0.0,0.0,0.0,0.0,0.0
15,"Anacapa-Dume alt 1, Subsection 2",0.0,0.0,0.0,0.0,0.0,0.0
16,"Anacapa-Dume alt 1, Subsection 3",0.0,0.0,0.0,0.0,0.0,0.0
17,"Anacapa-Dume alt 1, Subsection 4",0.0,0.0,0.0,0.0,0.0,0.0
18,"Anaheim, Subsection 0",0.0,0.0,0.0,0.0,0.0,0.0
19,"Anaheim, Subsection 1",0.0,0.0,0.0,0.0,0.0,0.0
20,"Anaheim, Subsection 2",0.0,0.0,0.0,0.0,0.0,0.0
21,"Antelope Valley 2011, Subsection 0",0.0,0.0,0.0,0.0,0.0,0.0
22,"Antelope Valley 2011, Subsection 1",0.0,0.0,0.0,0.0,0.0,0.0
23,"Antelope Valley 2011, Subsection 2",0.0,0.0,0.0,0.0,0.0,0.0
24,"Antelope Valley 2011, Subsection 3",0.0,0.0,0.0,0.0,0.0,0.0
25,"Antelope Valley 2011, Subsection 4",0.0,0.0,0.0,0.0,0.0,0.0
26,"Antelope Valley 2011, Subsection 5",0.0,0.0,0.0,0.0,0.0,0.0
27,"Ash Hill, Subsection 0",0.0,0.0,0.0,0.0,0.0,0.0
28,"Ash Hill, Subsection 1",0.0,0.0,0.0,0.0,0.0,0.0
29,"Ash Hill, Subsection 2",0.0,0.0,0.0,0.0,0.0,0.0
30,"Ash Hill, Subsection 3",0.0,0.0,0.0,0.0,0.0,0.0
31,"Ash Hill, Subsection 4",0.0,0.0,0.0,0.0,0.0,0.0
32,"Ash Hill, Subsection 5",0.0,0.0,0.0,0.0,0.0,0.0
33,"Ash Hill, Subsection 6",0.0,0.0,0.0,0.0,0.0,0.0
34,"Ash Hill, Subsection 7",0.0,0.0,0.0,0.0,0.0,0.0
35,"Baker, Subsection 0",0.0,0.0,0.0,0.0,0.0,0.0
36,"Baker, Subsection 1",0.0,0.0,0.0,0.0,0.0,0.0
37,"Baker, Subsection 2",0.0,0.0,0.0,0.0,0.0,0.0
38,"Baker, Subsection 3",0.0,0.0,0.0,0.0,0.0,0.0
39,"Baker, Subsection 4",0.0,0.0,0.0,0.0,0.0,0.0
40,"Baker, Subsection 5",0.0,0.0,0.0,0.0,0.0,0.0
41,"Baker, Subsection 6",0.0,0.0,0.0,0.0,0.0,0.0
42,"Baker, Subsection 7",0.0,0.0,0.0,0.0,0.0,0.0
43,"Baker, Subsection 8",0.0,0.0,0.0,0.0,0.0,0.0
44,"Baker, Subsection 9",0.0,0.0,0.0,0.0,0.0,0.0
45,"Baker, Subsection 10",0.0,0.0,0.0,0.0,0.0,0.0
46,"Baker, Subsection 11",0.0,0.0,0.0,0.0,0.0,0.0
47,"Baker, Subsection 12",0.0,0.0,0.0,0.0,0.0,0.0
48,"Baker, Subsection 13",0.0,0.0,0.0,0.0,0.0,0.0
49,"Bartlett Springs 2011 CFM, Subsection 0",0.0,0.0,0.0,0.0,0.0,0.0
50,"Bartlett Springs 2011 CFM, Subsection 1",0.0,0.0,0.0,0.0,0.0,0.0
51,"Bartlett Springs 2011 CFM, Subsection 2",0.0,0.0,0.0,0.0,0.0,0.0
52,"Bartlett Springs 2011 CFM, Subsection 3",0.0,0.0,0.0,0.0,0.0,0.0
53,"Bartlett Springs 2011 CFM, Subsection 4",0.0,0.0,0.0,0.0,0.0,0.0
54,"Bartlett Springs 2011 CFM, Subsection 5",0.0,0.0,0.0,0.0,0.0,0.0
55,"Bartlett Springs 2011 CFM, Subsection 6",0.0,0.0,0.0,0.0,0.0,0.0
56,"Bartlett Springs 2011 CFM, Subsection 7",0.0,0.0,0.0,0.0,0.0,0.0
57,"Bartlett Springs 2011 CFM, Subsection 8",0.0,0.0,0.0,0.0,0.0,0.0
58,"Bartlett Springs 2011 CFM, Subsection 9",0.0,0.0,0.0,0.0,0.0,0.0
59,"Bartlett Springs 2011 CFM, Subsection 10",0.0,0.0,0.0,0.0,0.0,0.0
60,"Bartlett Springs 2011 CFM, Subsection 11",0.0,0.0,0.0,0.0,0.0,0.0
61,"Bartlett Springs 2011 CFM, Subsection 12",0.0,0.0,0.0,0.0,0.0,0.0
62,"Bartlett Springs 2011 CFM, Subsection 13",0.0,0.0,0.0,0.0,0.0,0.0
63,"Bartlett Springs 2011 CFM, Subsection 14",0.0,0.0,0.0,0.0,0.0,0.0
64,"Bartlett Springs 2011 CFM, Subsection 15",0.0,0.0,0.0,0.0,0.0,0.0
65,"Bartlett Springs 2011 CFM, Subsection 16",0.0,0.0,0.0,0.0,0.0,0.0
66,"Bartlett Springs 2011 CFM, Subsection 17",0.0,0.0,0.0,0.0,0.0,0.0
67,"Bartlett Springs 2011 CFM, Subsection 18",0.0,0.0,0.0,0.0,0.0,0.0
68,"Bartlett Springs 2011 CFM, Subsection 19",0.0,0.0,0.0,0.0,0.0,0.0
69,"Bartlett Springs 2011 CFM, Subsection 20",0.0,0.0,0.0,0.0,0.0,0.0
70,"Bartlett Springs 2011 CFM, Subsection 21",0.0,0.0,0.0,0.0,0.0,0.0
71,"Bartlett Springs 2011 CFM, Subsection 22",0.0,0.0,0.0,0.0,0.0,0.0
72,"Battle Creek 2011 CFM, Subsection 0",0.0,0.0,0.0,0.0,0.0,0.0
73,"Battle Creek 2011 CFM, Subsection 1",0.0,0.0,0.0,0.0,0.0,0.0
74,"Battle Creek 2011 CFM, Subsection 2",0.0,0.0,0.0,0.0,0.0,0.0
75,"Battle Creek 2011 CFM, Subsection 3",0.0,0.0,0.0,0.0,0.0,0.0
76,"Battle Creek 2011 CFM, Subsection 4",0.0,0.0,0.0,0.0,0.0,0.0
77,"Battle Creek 2011 CFM, Subsection 5",0.0,0.0,0.0,0.0,0.0,0.0
78,"Battle Creek 2011 CFM, Subsection 6",0.0,0.0,0.0,0.0,0.0,0.0
79,"Bear River fault zone, Subsection 0",0.0,0.0,0.0,0.0,0.0,0.0
80,"Bear River fault zone, Subsection 1",0.0,0.0,0.0,0.0,0.0,0.0
81,"Bear River fault zone, Subsection 2",0.0,0.0,0.0,0.0,0.0,0.0
82,"Bear River fault zone, Subsection 3",0.0,0.0,0.0,0.0,0.0,0.0
83,"Bear River fault zone, Subsection 4",0.0,0.0,0.0,0.0,0.0,0.0
84,"Bear River fault zone, Subsection 5",0.0,0.0,0.0,0.0,0.0,0.0
85,"Bear River fault zone, Subsection 6",0.0,0.0,0.0,0.0,0.0,0.0
86,"Bear River fault zone, Subsection 7",0.0,0.0,0.0,0.0,0.0,0.0
87,"Bear River fault zone, Subsection 8",0.0,0.0,0.0,0.0,0.0,0.0
88,"Bear River fault zone, Subsection 9",0.0,0.0,0.0,0.0,0.0,0.0
89,"Bear River fault zone, Subsection 10",0.0,0.0,0.0,0.0,0.0,0.0
90,"Bennett Valley 2011 CFM, Subsection 0",0.0,0.0,0.0,0.0,0.0,0.0
91,"Bennett Valley 2011 CFM, Subsection 1",0.0,0.0,0.0,0.0,0.0,0.0
92,"Bennett Valley 2011 CFM, Subsection 2",0.0,0.0,0.0,0.0,0.0,0.0
93,"Bennett Valley 2011 CFM, Subsection 3",0.0,0.0,0.0,0.0,0.0,0.0
94,"Bennett Valley 2011 CFM, Subsection 4",0.0,0.0,0.0,0.0,0.0,0.0
95,"Bennett Valley 2011 CFM, Subsection 5",0.0,0.0,0.0,0.0,0.0,0.0
96,"Bennett Valley 2011 CFM, Subsection 6",0.0,0.0,0.0,0.0,0.0,0.0
97,"Bicycle Lake, Subsection 0",0.0,0.0,0.0,0.0,0.0,0.0
98,"Bicycle Lake, Subsection 1",0.0,0.0,0.0,0.0,0.0,0.0
99,"Bicycle Lake, Subsection 2",0.0,0.0,0.0,0.0,0.0,0.0
100,"Bicycle Lake, Subsection 3",0.0,0.0,0.0,0.0,0.0,0.0
101,"Big Lagoon - Bald Mtn 2011 CFM, Subsection 0",0.0,0.0,0.0,0.0,0.0,0.0
102,"Big Lagoon - Bald Mtn 2011 CFM, Subsection 1",0.0,0.0,0.0,0.0,0.0,0.0
103,"Big Lagoon - Bald Mtn 2011 CFM, Subsection 2",0.0,0.0,0.0,0.0,0.0,0.0
104,"Big Lagoon - Bald Mtn 2011 CFM, Subsection 3",0.0,0.0,0.0,0.0,0.0,0.0
105,"Big Lagoon - Bald Mtn 2011 CFM, Subsection 4",0.0,0.0,0.0,0.0,0.0,0.0
106,"Big Lagoon - Bald Mtn 2011 CFM, Subsection 5",0.0,0.0,0.0,0.0,0.0,0.0
107,"Big Lagoon - Bald Mtn 2011 CFM, Subsection 6",0.0,0.0,0.0,0.0,0.0,0.0
108,"Big Lagoon - Bald Mtn 2011 CFM, Subsection 7",0.0,0.0,0.0,0.0,0.0,0.0
109,"Big Lagoon - Bald Mtn 2011 CFM, Subsection 8",0.0,0.0,0.0,0.0,0.0,0.0
110,"Big Lagoon - Bald Mtn 2011 CFM, Subsection 9",0.0,0.0,0.0,0.0,0.0,0.0
111,"Big Lagoon - Bald Mtn 2011 CFM, Subsection 10",0.0,0.0,0.0,0.0,0.0,0.0
112,"Big Lagoon - Bald Mtn 2011 CFM, Subsection 11",0.0,0.0,0.0,0.0,0.0,0.0
113,"Big Lagoon - Bald Mtn 2011 CFM, Subsection 12",0.0,0.0,0.0,0.0,0.0,0.0
114,"Big Lagoon - Bald Mtn 2011 CFM, Subsection 13",0.0,0.0,0.0,0.0,0.0,0.0
115,"Big Lagoon - Bald Mtn 2011 CFM, Subsection 14",0.0,0.0,0.0,0.0,0.0,0.0
116,"Big Lagoon - Bald Mtn 2011 CFM, Subsection 15",0.0,0.0,0.0,0.0,0.0,0.0
117,"Big Lagoon - Bald Mtn 2011 CFM, Subsection 16",0.0,0.0,0.0,0.0,0.0,0.0
118,"Big Lagoon - Bald Mtn 2011 CFM, Subsection 17",0.0,0.0,0.0,0.0,0.0,0.0
119,"Big Pine (Central), Subsection 0",0.0,0.0,0.0,0.0,0.0,0.0
120,"Big Pine (Central), Subsection 1",0.0,0.0,0.0,0.0,0.0,0.0
121,"Big Pine (Central), Subsection 2",0.0,0.0,0.0,0.0,0.0,0.0
122,"Big Pine (Central), Subsection 3",4.0E-5,0.0,0.0,0.0,4.0E-5,0.0
123,"Big Pine (Central), Subsection 4",4.0E-5,0.0,0.0,0.0,4.0E-5,0.0
124,"Big Pine (Central), Subsection 5",0.0,0.0,0.0,0.0,0.0,0.0
125,"Big Pine (Central), Subsection 6",0.0,0.0,0.0,0.0,0.0,0.0
126,"Big Pine (East), Subsection 0",1.2E-4,0.0,4.0E-5,4.0E-5,1.2E-4,0.0
127,"Big Pine (East), Subsection 1",1.2E-4,0.0,4.0E-5,4.0E-5,1.2E-4,0.0
128,"Big Pine (East), Subsection 2",1.2E-4,0.0,4.0E-5,4.0E-5,1.2E-4,0.0
129,"Big Pine (East), Subsection 3",1.2E-4,0.0,4.0E-5,4.0E-5,1.2E-4,0.0
130,"Big Pine (West), Subsection 0",0.0,0.0,0.0,0.0,0.0,0.0
131,"Big Pine (West), Subsection 1",0.0,0.0,0.0,0.0,0.0,0.0
132,"Big Pine (West), Subsection 2",0.0,0.0,0.0,0.0,0.0,0.0
133,"Blackwater, Subsection 0",0.0,0.0,0.0,0.0,0.0,0.0
134,"Blackwater, Subsection 1",0.0,0.0,0.0,0.0,0.0,0.0
135,"Blackwater, Subsection 2",0.0,0.0,0.0,0.0,0.0,0.0
136,"Blackwater, Subsection 3",0.0,0.0,0.0,0.0,0.0,0.0
137,"Blackwater, Subsection 4",0.0,0.0,0.0,0.0,0.0,0.0
138,"Blackwater, Subsection 5",0.0,0.0,0.0,0.0,0.0,0.0
139,"Blackwater, Subsection 6",0.0,0.0,0.0,0.0,0.0,0.0
140,"Blackwater, Subsection 7",0.0,0.0,0.0,0.0,0.0,0.0
141,"Blackwater, Subsection 8",0.0,0.0,0.0,0.0,0.0,0.0
142,"Blackwater, Subsection 9",0.0,0.0,0.0,0.0,0.0,0.0
143,"Blackwater, Subsection 10",0.0,0.0,0.0,0.0,0.0,0.0
144,"Blue Cut, Subsection 0",0.0,0.0,0.0,0.0,0.0,0.0
145,"Blue Cut, Subsection 1",0.0,0.0,0.0,0.0,0.0,0.0
146,"Blue Cut, Subsection 2",0.0,0.0,0.0,0.0,0.0,0.0
147,"Blue Cut, Subsection 3",0.0,0.0,0.0,0.0,0.0,0.0
148,"Blue Cut, Subsection 4",0.0,0.0,0.0,0.0,0.0,0.0
149,"Blue Cut, Subsection 5",0.0,0.0,0.0,0.0,0.0,0.0
150,"Blue Cut, Subsection 6",0.0,0.0,0.0,0.0,0.0,0.0
151,"Blue Cut, Subsection 7",0.0,0.0,0.0,0.0,0.0,0.0
152,"Blue Cut, Subsection 8",0.0,0.0,0.0,0.0,0.0,0.0
153,"Blue Cut, Subsection 9",0.0,0.0,0.0,0.0,0.0,0.0
154,"Blue Cut, Subsection 10",0.0,0.0,0.0,0.0,0.0,0.0
155,"Blue Cut, Subsection 11",0.0,0.0,0.0,0.0,0.0,0.0
156,"Blue Cut, Subsection 12",0.0,0.0,0.0,0.0,0.0,0.0
157,"Brawley (Seismic Zone) alt 1, Subsection 0",0.0012,5.2E-4,8.0E-4,8.4E-4,0.0012,4.0E-4
158,"Brawley (Seismic Zone) alt 1, Subsection 1",0.0012,5.2E-4,8.0E-4,8.4E-4,0.0012,4.0E-4
159,"Brawley (Seismic Zone) alt 1, Subsection 2",0.00108,4.4E-4,7.2E-4,7.6E-4,0.00108,3.2E-4
160,"Brawley (Seismic Zone) alt 1, Subsection 3",0.001,4.0E-4,6.8E-4,7.2E-4,0.001,2.8E-4
161,"Brawley (Seismic Zone) alt 1, Subsection 4",9.6E-4,3.6E-4,6.4E-4,6.8E-4,9.6E-4,2.4E-4
162,"Brawley (Seismic Zone) alt 1, Subsection 5",8.8E-4,3.6E-4,6.4E-4,6.8E-4,8.8E-4,2.4E-4
163,"Brawley (Seismic Zone) alt 1, Subsection 6",8.8E-4,3.6E-4,6.4E-4,6.8E-4,8.8E-4,2.4E-4
164,"Brawley (Seismic Zone) alt 1, Subsection 7",8.8E-4,3.6E-4,6.4E-4,6.8E-4,8.8E-4,2.4E-4
165,"Brawley (Seismic Zone) alt 1, Subsection 8",8.0E-4,2.8E-4,5.6E-4,6.0E-4,8.0E-4,2.0E-4
166,"Brawley (Seismic Zone) alt 1, Subsection 9",8.0E-4,2.8E-4,5.6E-4,6.0E-4,8.0E-4,2.0E-4
167,"Breckenridge 2011, Subsection 0",0.0,0.0,0.0,0.0,0.0,0.0
168,"Breckenridge 2011, Subsection 1",0.0,0.0,0.0,0.0,0.0,0.0
169,"Bullion Mountains, Subsection 0",0.0,0.0,0.0,0.0,0.0,0.0
170,"Bullion Mountains, Subsection 1",0.0,0.0,0.0,0.0,0.0,0.0
171,"Bullion Mountains, Subsection 2",0.0,0.0,0.0,0.0,0.0,0.0
172,"Bullion Mountains, Subsection 3",0.0,0.0,0.0,0.0,0.0,0.0
173,"Bullion Mountains, Subsection 4",0.0,0.0,0.0,0.0,0.0,0.0
174,"Bullion Mountains, Subsection 5",0.0,0.0,0.0,0.0,0.0,0.0
175,"Burnt Mtn, Subsection 0",0.0,0.0,0.0,0.0,0.0,0.0
176,"Burnt Mtn, Subsection 1",0.0,0.0,0.0,0.0,0.0,0.0
177,"Burnt Mtn, Subsection 2",0.0,0.0,0.0,0.0,0.0,0.0
178,"Butano 2011 CFM, Subsection 0",0.0,0.0,0.0,0.0,0.0,0.0
179,"Butano 2011 CFM, Subsection 1",0.0,0.0,0.0,0.0,0.0,0.0
180,"Butano 2011 CFM, Subsection 2",0.0,0.0,0.0,0.0,0.0,0.0
181,"Butano 2011 CFM, Subsection 3",0.0,0.0,0.0,0.0,0.0,0.0
182,"Butano 2011 CFM, Subsection 4",0.0,0.0,0.0,0.0,0.0,0.0
183,"Butano 2011 CFM, Subsection 5",0.0,0.0,0.0,0.0,0.0,0.0
184,"Butano 2011 CFM, Subsection 6",0.0,0.0,0.0,0.0,0.0,0.0
185,"Butano 2011 CFM, Subsection 7",0.0,0.0,0.0,0.0,0.0,0.0
186,"Cady, Subsection 0",0.0,0.0,0.0,0.0,0.0,0.0
187,"Cady, Subsection 1",0.0,0.0,0.0,0.0,0.0,0.0
188,"Cady, Subsection 2",0.0,0.0,0.0,0.0,0.0,0.0
189,"Cady, Subsection 3",0.0,0.0,0.0,0.0,0.0,0.0
190,"Cady, Subsection 4",0.0,0.0,0.0,0.0,0.0,0.0
191,"Calaveras (Central) 2011 CFM, Subsection 0",8.0E-5,4.0E-5,4.0E-5,4.0E-5,8.0E-5,8.0E-5
192,"Calaveras (Central) 2011 CFM, Subsection 1",8.0E-5,4.0E-5,4.0E-5,4.0E-5,8.0E-5,8.0E-5
193,"Calaveras (Central) 2011 CFM, Subsection 2",8.0E-5,4.0E-5,4.0E-5,4.0E-5,8.0E-5,8.0E-5
194,"Calaveras (Central) 2011 CFM, Subsection 3",8.0E-5,4.0E-5,4.0E-5,4.0E-5,8.0E-5,8.0E-5
195,"Calaveras (Central) 2011 CFM, Subsection 4",8.0E-5,4.0E-5,4.0E-5,4.0E-5,8.0E-5,8.0E-5
196,"Calaveras (Central) 2011 CFM, Subsection 5",8.0E-5,4.0E-5,4.0E-5,4.0E-5,8.0E-5,8.0E-5
197,"Calaveras (Central) 2011 CFM, Subsection 6",8.0E-5,4.0E-5,4.0E-5,4.0E-5,8.0E-5,8.0E-5
198,"Calaveras (Central) 2011 CFM, Subsection 7",8.0E-5,4.0E-5,4.0E-5,4.0E-5,8.0E-5,8.0E-5
199,"Calaveras (Central) 2011 CFM, Subsection 8",8.0E-5,4.0E-5,4.0E-5,4.0E-5,8.0E-5,8.0E-5
200,"Calaveras (Central) 2011 CFM, Subsection 9",4.0E-5,4.0E-5,4.0E-5,4.0E-5,4.0E-5,4.0E-5
201,"Calaveras (No) 2011 CFM, Subsection 0",0.0,0.0,0.0,0.0,0.0,0.0
202,"Calaveras (No) 2011 CFM, Subsection 1",0.0,0.0,0.0,0.0,0.0,0.0
203,"Calaveras (No) 2011 CFM, Subsection 2",0.0,0.0,0.0,0.0,0.0,0.0
204,"Calaveras (No) 2011 CFM, Subsection 3",0.0,0.0,0.0,0.0,0.0,0.0
205,"Calaveras (No) 2011 CFM, Subsection 4",4.0E-5,4.0E-5,4.0E-5,4.0E-5,4.0E-5,4.0E-5
206,"Calaveras (No) 2011 CFM, Subsection 5",4.0E-5,4.0E-5,4.0E-5,4.0E-5,4.0E-5,4.0E-5
207,"Calaveras (No) 2011 CFM, Subsection 6",4.0E-5,4.0E-5,4.0E-5,4.0E-5,4.0E-5,4.0E-5
208,"Calaveras (So) - Paicines extension 2011 CFM, Subsection 0",8.0E-5,4.0E-5,4.0E-5,4.0E-5,8.0E-5,8.0E-5
209,"Calaveras (So) - Paicines extension 2011 CFM, Subsection 1",8.0E-5,4.0E-5,4.0E-5,4.0E-5,8.0E-5,8.0E-5
210,"Calaveras (So) - Paicines extension 2011 CFM, Subsection 2",8.0E-5,4.0E-5,4.0E-5,4.0E-5,8.0E-5,8.0E-5
211,"Calaveras (So) - Paicines extension 2011 CFM, Subsection 3",8.0E-5,4.0E-5,4.0E-5,4.0E-5,8.0E-5,8.0E-5
212,"Calaveras (So) - Paicines extension 2011 CFM, Subsection 4",1.2E-4,4.0E-5,4.0E-5,4.0E-5,1.2E-4,8.0E-5
213,"Calaveras (So) - Paicines extension 2011 CFM, Subsection 5",1.6E-4,4.0E-5,8.0E-5,8.0E-5,1.6E-4,8.0E-5
214,"Calaveras (So) - Paicines extension 2011 CFM, Subsection 6",1.6E-4,4.0E-5,8.0E-5,8.0E-5,1.6E-4,8.0E-5
215,"Calaveras (So) - Paicines extension 2011 CFM, Subsection 7",1.6E-4,4.0E-5,8.0E-5,8.0E-5,1.6E-4,8.0E-5
216,"Calaveras (So) - Paicines extension 2011 CFM, Subsection 8",0.0,0.0,0.0,0.0,0.0,0.0
217,"Calaveras (So) 2011 CFM, Subsection 0",8.0E-5,4.0E-5,4.0E-5,4.0E-5,8.0E-5,8.0E-5
218,"Calaveras (So) 2011 CFM, Subsection 1",8.0E-5,4.0E-5,4.0E-5,4.0E-5,8.0E-5,8.0E-5
219,"Calaveras (So) 2011 CFM, Subsection 2",8.0E-5,4.0E-5,4.0E-5,4.0E-5,8.0E-5,8.0E-5
220,"Calaveras (So) 2011 CFM, Subsection 3",8.0E-5,4.0E-5,4.0E-5,4.0E-5,8.0E-5,8.0E-5
221,"Calaveras (So) 2011 CFM, Subsection 4",8.0E-5,4.0E-5,4.0E-5,4.0E-5,8.0E-5,8.0E-5
222,"Calaveras (So) 2011 CFM, Subsection 5",8.0E-5,4.0E-5,4.0E-5,4.0E-5,8.0E-5,8.0E-5
223,"Calico-Hidalgo, Subsection 0",0.0,0.0,0.0,0.0,0.0,0.0
224,"Calico-Hidalgo, Subsection 1",0.0,0.0,0.0,0.0,0.0,0.0
225,"Calico-Hidalgo, Subsection 2",0.0,0.0,0.0,0.0,0.0,0.0
226,"Calico-Hidalgo, Subsection 3",0.0,0.0,0.0,0.0,0.0,0.0
227,"Calico-Hidalgo, Subsection 4",0.0,0.0,0.0,0.0,0.0,0.0
228,"Calico-Hidalgo, Subsection 5",0.0,0.0,0.0,0.0,0.0,0.0
229,"Calico-Hidalgo, Subsection 6",0.0,0.0,0.0,0.0,0.0,0.0
230,"Calico-Hidalgo, Subsection 7",0.0,0.0,0.0,0.0,0.0,0.0
231,"Calico-Hidalgo, Subsection 8",0.0,0.0,0.0,0.0,0.0,0.0
232,"Calico-Hidalgo, Subsection 9",0.0,0.0,0.0,0.0,0.0,0.0
233,"Calico-Hidalgo, Subsection 10",0.0,0.0,0.0,0.0,0.0,0.0
234,"Calico-Hidalgo, Subsection 11",0.0,0.0,0.0,0.0,0.0,0.0
235,"Calico-Hidalgo, Subsection 12",0.0,0.0,0.0,0.0,0.0,0.0
236,"Calico-Hidalgo, Subsection 13",0.0,0.0,0.0,0.0,0.0,0.0
237,"Calico-Hidalgo, Subsection 14",0.0,0.0,0.0,0.0,0.0,0.0
238,"Calico-Hidalgo, Subsection 15",0.0,0.0,0.0,0.0,0.0,0.0
239,"Calico-Hidalgo, Subsection 16",0.0,0.0,0.0,0.0,0.0,0.0
240,"Calico-Hidalgo, Subsection 17",0.0,0.0,0.0,0.0,0.0,0.0
241,"Camp Rock 2011, Subsection 0",0.0,0.0,0.0,0.0,0.0,0.0
242,"Camp Rock 2011, Subsection 1",0.0,0.0,0.0,0.0,0.0,0.0
243,"Camp Rock 2011, Subsection 2",0.0,0.0,0.0,0.0,0.0,0.0
244,"Camp Rock 2011, Subsection 3",0.0,0.0,0.0,0.0,0.0,0.0
245,"Camp Rock 2011, Subsection 4",0.0,0.0,0.0,0.0,0.0,0.0
246,"Camp Rock 2011, Subsection 5",0.0,0.0,0.0,0.0,0.0,0.0
247,"Canada David (Detachment), Subsection 0",0.0,0.0,0.0,0.0,0.0,0.0
248,"Canada David (Detachment), Subsection 1",0.0,0.0,0.0,0.0,0.0,0.0
249,"Canada David (Detachment), Subsection 2",0.0,0.0,0.0,0.0,0.0,0.0
250,"Carlsbad, Subsection 0",0.0,0.0,0.0,0.0,0.0,0.0
251,"Carlsbad, Subsection 1",0.0,0.0,0.0,0.0,0.0,0.0
252,"Carlsbad, Subsection 2",0.0,0.0,0.0,0.0,0.0,0.0
253,"Carlsbad, Subsection 3",0.0,0.0,0.0,0.0,0.0,0.0
254,"Carlsbad, Subsection 4",0.0,0.0,0.0,0.0,0.0,0.0
255,"Carlsbad, Subsection 5",0.0,0.0,0.0,0.0,0.0,0.0
256,"Carlsbad, Subsection 6",0.0,0.0,0.0,0.0,0.0,0.0
257,"Carson Range (Genoa), Subsection 0",0.0,0.0,0.0,0.0,0.0,0.0
258,"Carson Range (Genoa), Subsection 1",0.0,0.0,0.0,0.0,0.0,0.0
259,"Carson Range (Genoa), Subsection 2",0.0,0.0,0.0,0.0,0.0,0.0
260,"Carson Range (Genoa), Subsection 3",0.0,0.0,0.0,0.0,0.0,0.0
261,"Carson Range (Genoa), Subsection 4",0.0,0.0,0.0,0.0,0.0,0.0
262,"Carson Range (Genoa), Subsection 5",0.0,0.0,0.0,0.0,0.0,0.0
263,"Carson Range (Genoa), Subsection 6",0.0,0.0,0.0,0.0,0.0,0.0
264,"Casmalia 2011 CFM, Subsection 0",0.0,0.0,0.0,0.0,0.0,0.0
265,"Casmalia 2011 CFM, Subsection 1",0.0,0.0,0.0,0.0,0.0,0.0
266,"Casmalia 2011 CFM, Subsection 2",0.0,0.0,0.0,0.0,0.0,0.0
267,"Casmalia 2011 CFM, Subsection 3",0.0,0.0,0.0,0.0,0.0,0.0
268,"Casmalia 2011 CFM, Subsection 4",0.0,0.0,0.0,0.0,0.0,0.0
269,"Casmalia 2011 CFM, Subsection 5",0.0,0.0,0.0,0.0,0.0,0.0
270,"Casmalia 2011 CFM, Subsection 6",0.0,0.0,0.0,0.0,0.0,0.0
271,"Casmalia 2011 CFM, Subsection 7",0.0,0.0,0.0,0.0,0.0,0.0
272,"Cedar Mtn-Mahogany Mtn, Subsection 0",0.0,0.0,0.0,0.0,0.0,0.0
273,"Cedar Mtn-Mahogany Mtn, Subsection 1",0.0,0.0,0.0,0.0,0.0,0.0
274,"Cedar Mtn-Mahogany Mtn, Subsection 2",0.0,0.0,0.0,0.0,0.0,0.0
275,"Cedar Mtn-Mahogany Mtn, Subsection 3",0.0,0.0,0.0,0.0,0.0,0.0
276,"Cedar Mtn-Mahogany Mtn, Subsection 4",0.0,0.0,0.0,0.0,0.0,0.0
277,"Cedar Mtn-Mahogany Mtn, Subsection 5",0.0,0.0,0.0,0.0,0.0,0.0
278,"Cedar Mtn-Mahogany Mtn, Subsection 6",0.0,0.0,0.0,0.0,0.0,0.0
279,"Cedar Mtn-Mahogany Mtn, Subsection 7",0.0,0.0,0.0,0.0,0.0,0.0
280,"Cedar Mtn-Mahogany Mtn, Subsection 8",0.0,0.0,0.0,0.0,0.0,0.0
281,"Cedar Mtn-Mahogany Mtn, Subsection 9",0.0,0.0,0.0,0.0,0.0,0.0
282,"Cedar Mtn-Mahogany Mtn, Subsection 10",0.0,0.0,0.0,0.0,0.0,0.0
283,"Cedar Mtn-Mahogany Mtn, Subsection 11",0.0,0.0,0.0,0.0,0.0,0.0
284,"Cedar Mtn-Mahogany Mtn, Subsection 12",0.0,0.0,0.0,0.0,0.0,0.0
285,"Cedar Mtn-Mahogany Mtn, Subsection 13",0.0,0.0,0.0,0.0,0.0,0.0
286,"Cedar Mtn-Mahogany Mtn, Subsection 14",0.0,0.0,0.0,0.0,0.0,0.0
287,"Cerro Prieto, Subsection 0",0.0,0.0,0.0,0.0,0.0,0.0
288,"Cerro Prieto, Subsection 1",0.0,0.0,0.0,0.0,0.0,0.0
289,"Cerro Prieto, Subsection 2",0.0,0.0,0.0,0.0,0.0,0.0
290,"Cerro Prieto, Subsection 3",0.0,0.0,0.0,0.0,0.0,0.0
291,"Cerro Prieto, Subsection 4",0.0,0.0,0.0,0.0,0.0,0.0
292,"Cerro Prieto, Subsection 5",0.0,0.0,0.0,0.0,0.0,0.0
293,"Cerro Prieto, Subsection 6",0.0,0.0,0.0,0.0,0.0,0.0
294,"Cerro Prieto, Subsection 7",0.0,0.0,0.0,0.0,0.0,0.0
295,"Cerro Prieto, Subsection 8",0.0,0.0,0.0,0.0,0.0,0.0
296,"Cerro Prieto, Subsection 9",0.0,0.0,0.0,0.0,0.0,0.0
297,"Cerro Prieto, Subsection 10",0.0,0.0,0.0,0.0,0.0,0.0
298,"Cerro Prieto, Subsection 11",0.0,0.0,0.0,0.0,0.0,0.0
299,"Channel Islands Thrust, Subsection 0",0.0,0.0,0.0,0.0,0.0,0.0
300,"Channel Islands Thrust, Subsection 1",0.0,0.0,0.0,0.0,0.0,0.0
301,"Channel Islands Thrust, Subsection 2",0.0,0.0,0.0,0.0,0.0,0.0
302,"Channel Islands Thrust, Subsection 3",0.0,0.0,0.0,0.0,0.0,0.0
303,"Channel Islands Thrust, Subsection 4",0.0,0.0,0.0,0.0,0.0,0.0
304,"Channel Islands Thrust, Subsection 5",0.0,0.0,0.0,0.0,0.0,0.0
305,"Channel Islands Western Deep Ramp, Subsection 0",0.0,0.0,0.0,0.0,0.0,0.0
306,"Channel Islands Western Deep Ramp, Subsection 1",0.0,0.0,0.0,0.0,0.0,0.0
307,"Channel Islands Western Deep Ramp, Subsection 2",0.0,0.0,0.0,0.0,0.0,0.0
308,"Channel Islands Western Deep Ramp, Subsection 3",0.0,0.0,0.0,0.0,0.0,0.0
309,"Channel Islands Western Deep Ramp, Subsection 4",0.0,0.0,0.0,0.0,0.0,0.0
310,"Channel Islands Western Deep Ramp, Subsection 5",0.0,0.0,0.0,0.0,0.0,0.0
311,"Chino alt 1, Subsection 0",0.0,0.0,0.0,0.0,0.0,0.0
312,"Chino alt 1, Subsection 1",0.0,0.0,0.0,0.0,0.0,0.0
313,"Chino alt 1, Subsection 2",0.0,0.0,0.0,0.0,0.0,0.0
314,"Chino alt 1, Subsection 3",0.0,0.0,0.0,0.0,0.0,0.0
315,"Chino alt 1, Subsection 4",0.0,0.0,0.0,0.0,0.0,0.0
316,"Clamshell-Sawpit, Subsection 0",0.0,0.0,0.0,0.0,0.0,0.0
317,"Clamshell-Sawpit, Subsection 1",0.0,0.0,0.0,0.0,0.0,0.0
318,"Clayton, Subsection 0",0.0,0.0,0.0,0.0,0.0,0.0
319,"Clayton, Subsection 1",0.0,0.0,0.0,0.0,0.0,0.0
320,"Clayton, Subsection 2",0.0,0.0,0.0,0.0,0.0,0.0
321,"Cleghorn, Subsection 0",4.0E-5,0.0,0.0,0.0,4.0E-5,0.0
322,"Cleghorn, Subsection 1",4.0E-5,0.0,0.0,0.0,4.0E-5,0.0
323,"Cleghorn, Subsection 2",4.0E-5,0.0,0.0,0.0,4.0E-5,0.0
324,"Cleghorn, Subsection 3",4.0E-5,0.0,0.0,0.0,4.0E-5,0.0
325,"Cleghorn Lake, Subsection 0",0.0,0.0,0.0,0.0,0.0,0.0
326,"Cleghorn Lake, Subsection 1",0.0,0.0,0.0,0.0,0.0,0.0
327,"Cleghorn Lake, Subsection 2",0.0,0.0,0.0,0.0,0.0,0.0
328,"Cleghorn Lake, Subsection 3",0.0,0.0,0.0,0.0,0.0,0.0
329,"Cleghorn Lake, Subsection 4",0.0,0.0,0.0,0.0,0.0,0.0
330,"Cleghorn Pass, Subsection 0",0.0,0.0,0.0,0.0,0.0,0.0
331,"Cleghorn Pass, Subsection 1",0.0,0.0,0.0,0.0,0.0,0.0
332,"Cleghorn Pass, Subsection 2",0.0,0.0,0.0,0.0,0.0,0.0
333,"Cleghorn Pass, Subsection 3",0.0,0.0,0.0,0.0,0.0,0.0
334,"Collayami 2011 CFM, Subsection 0",0.0,0.0,0.0,0.0,0.0,0.0
335,"Collayami 2011 CFM, Subsection 1",0.0,0.0,0.0,0.0,0.0,0.0
336,"Collayami 2011 CFM, Subsection 2",0.0,0.0,0.0,0.0,0.0,0.0
337,"Collayami 2011 CFM, Subsection 3",0.0,0.0,0.0,0.0,0.0,0.0
338,"Collayami 2011 CFM, Subsection 4",0.0,0.0,0.0,0.0,0.0,0.0
339,"Collayami 2011 CFM, Subsection 5",0.0,0.0,0.0,0.0,0.0,0.0
340,"Collayami 2011 CFM, Subsection 6",0.0,0.0,0.0,0.0,0.0,0.0
341,"Compton, Subsection 0",0.0,0.0,0.0,0.0,0.0,0.0
342,"Compton, Subsection 1",0.0,0.0,0.0,0.0,0.0,0.0
343,"Compton, Subsection 2",0.0,0.0,0.0,0.0,0.0,0.0
344,"Compton, Subsection 3",0.0,0.0,0.0,0.0,0.0,0.0
345,"Compton, Subsection 4",0.0,0.0,0.0,0.0,0.0,0.0
346,"Concord 2011 CFM, Subsection 0",0.0,0.0,0.0,0.0,0.0,0.0
347,"Concord 2011 CFM, Subsection 1",0.0,0.0,0.0,0.0,0.0,0.0
348,"Concord 2011 CFM, Subsection 2",0.0,0.0,0.0,0.0,0.0,0.0
349,"Contra Costa (Lafayette) 2011 CFM, Subsection 0",0.0,0.0,0.0,0.0,0.0,0.0
350,"Contra Costa (Lafayette) 2011 CFM, Subsection 1",0.0,0.0,0.0,0.0,0.0,0.0
351,"Contra Costa Shear Zone (connector) 2011 CFM, Subsection 0",0.0,0.0,0.0,0.0,0.0,0.0
352,"Contra Costa Shear Zone (connector) 2011 CFM, Subsection 1",0.0,0.0,0.0,0.0,0.0,0.0
353,"Contra Costa Shear Zone (connector) 2011 CFM, Subsection 2",0.0,0.0,0.0,0.0,0.0,0.0
354,"Contra Costa Shear Zone (connector) 2011 CFM, Subsection 3",0.0,0.0,0.0,0.0,0.0,0.0
355,"Contra Costa Shear Zone (connector) 2011 CFM, Subsection 4",0.0,0.0,0.0,0.0,0.0,0.0
356,"Coronado Bank alt1, Subsection 0",0.0,0.0,0.0,0.0,0.0,0.0
357,"Coronado Bank alt1, Subsection 1",0.0,0.0,0.0,0.0,0.0,0.0
358,"Coronado Bank alt1, Subsection 2",0.0,0.0,0.0,0.0,0.0,0.0
359,"Coronado Bank alt1, Subsection 3",0.0,0.0,0.0,0.0,0.0,0.0
360,"Coronado Bank alt1, Subsection 4",0.0,0.0,0.0,0.0,0.0,0.0
361,"Coronado Bank alt1, Subsection 5",0.0,0.0,0.0,0.0,0.0,0.0
362,"Coronado Bank alt1, Subsection 6",0.0,0.0,0.0,0.0,0.0,0.0
363,"Coronado Bank alt1, Subsection 7",0.0,0.0,0.0,0.0,0.0,0.0
364,"Coronado Bank alt1, Subsection 8",0.0,0.0,0.0,0.0,0.0,0.0
365,"Coronado Bank alt1, Subsection 9",0.0,0.0,0.0,0.0,0.0,0.0
366,"Coronado Bank alt1, Subsection 10",0.0,0.0,0.0,0.0,0.0,0.0
367,"Coronado Bank alt1, Subsection 11",0.0,0.0,0.0,0.0,0.0,0.0
368,"Coronado Bank alt1, Subsection 12",0.0,0.0,0.0,0.0,0.0,0.0
369,"Coronado Bank alt1, Subsection 13",0.0,0.0,0.0,0.0,0.0,0.0
370,"Coronado Bank alt1, Subsection 14",0.0,0.0,0.0,0.0,0.0,0.0
371,"Coronado Bank alt1, Subsection 15",0.0,0.0,0.0,0.0,0.0,0.0
372,"Coronado Bank alt1, Subsection 16",0.0,0.0,0.0,0.0,0.0,0.0
373,"Coronado Bank alt1, Subsection 17",0.0,0.0,0.0,0.0,0.0,0.0
374,"Coronado Bank alt1, Subsection 18",0.0,0.0,0.0,0.0,0.0,0.0
375,"Coronado Bank alt1, Subsection 19",0.0,0.0,0.0,0.0,0.0,0.0
376,"Coronado Bank alt1, Subsection 20",0.0,0.0,0.0,0.0,0.0,0.0
377,"Coronado Bank alt1, Subsection 21",0.0,0.0,0.0,0.0,0.0,0.0
378,"Coronado Bank alt1, Subsection 22",0.0,0.0,0.0,0.0,0.0,0.0
379,"Coronado Bank alt1, Subsection 23",0.0,0.0,0.0,0.0,0.0,0.0
380,"Coronado Bank alt1, Subsection 24",0.0,0.0,0.0,0.0,0.0,0.0
381,"Coronado Bank alt1, Subsection 25",0.0,0.0,0.0,0.0,0.0,0.0
382,"Coronado Bank alt1, Subsection 26",0.0,0.0,0.0,0.0,0.0,0.0
383,"Coronado Bank alt1, Subsection 27",0.0,0.0,0.0,0.0,0.0,0.0
384,"Coronado Bank alt1, Subsection 28",0.0,0.0,0.0,0.0,0.0,0.0
385,"Coronado Bank alt1, Subsection 29",0.0,0.0,0.0,0.0,0.0,0.0
386,"Coronado Bank alt1, Subsection 30",0.0,0.0,0.0,0.0,0.0,0.0
387,"Coyote Canyon, Subsection 0",0.0,0.0,0.0,0.0,0.0,0.0
388,"Coyote Canyon, Subsection 1",0.0,0.0,0.0,0.0,0.0,0.0
389,"Coyote Canyon, Subsection 2",0.0,0.0,0.0,0.0,0.0,0.0
390,"Coyote Canyon, Subsection 3",0.0,0.0,0.0,0.0,0.0,0.0
391,"Coyote Canyon, Subsection 4",0.0,0.0,0.0,0.0,0.0,0.0
392,"Coyote Canyon, Subsection 5",0.0,0.0,0.0,0.0,0.0,0.0
393,"Coyote Canyon, Subsection 6",0.0,0.0,0.0,0.0,0.0,0.0
394,"Coyote Lake, Subsection 0",0.0,0.0,0.0,0.0,0.0,0.0
395,"Coyote Lake, Subsection 1",0.0,0.0,0.0,0.0,0.0,0.0
396,"Coyote Lake, Subsection 2",0.0,0.0,0.0,0.0,0.0,0.0
397,"Coyote Lake, Subsection 3",0.0,0.0,0.0,0.0,0.0,0.0
398,"Coyote Lake, Subsection 4",0.0,0.0,0.0,0.0,0.0,0.0
399,"Coyote Lake, Subsection 5",0.0,0.0,0.0,0.0,0.0,0.0
400,"Coyote Lake, Subsection 6",0.0,0.0,0.0,0.0,0.0,0.0
401,"Coyote Lake, Subsection 7",0.0,0.0,0.0,0.0,0.0,0.0
402,"Cucamonga, Subsection 0",4.0E-5,0.0,0.0,0.0,4.0E-5,0.0
403,"Cucamonga, Subsection 1",4.0E-5,0.0,0.0,0.0,4.0E-5,0.0
404,"Cucamonga, Subsection 2",8.0E-5,0.0,4.0E-5,4.0E-5,8.0E-5,0.0
405,"Cucamonga, Subsection 3",8.0E-5,0.0,4.0E-5,4.0E-5,8.0E-5,0.0
406,"Davis Creek, Subsection 0",0.0,0.0,0.0,0.0,0.0,0.0
407,"Davis Creek, Subsection 1",0.0,0.0,0.0,0.0,0.0,0.0
408,"Davis Creek, Subsection 2",0.0,0.0,0.0,0.0,0.0,0.0
409,"Davis Creek, Subsection 3",0.0,0.0,0.0,0.0,0.0,0.0
410,"Davis Creek, Subsection 4",0.0,0.0,0.0,0.0,0.0,0.0
411,"Davis Creek, Subsection 5",0.0,0.0,0.0,0.0,0.0,0.0
412,"Death Valley (Black Mtns Frontal), Subsection 0",0.0,0.0,0.0,0.0,0.0,0.0
413,"Death Valley (Black Mtns Frontal), Subsection 1",0.0,0.0,0.0,0.0,0.0,0.0
414,"Death Valley (Black Mtns Frontal), Subsection 2",0.0,0.0,0.0,0.0,0.0,0.0
415,"Death Valley (Black Mtns Frontal), Subsection 3",0.0,0.0,0.0,0.0,0.0,0.0
416,"Death Valley (Black Mtns Frontal), Subsection 4",0.0,0.0,0.0,0.0,0.0,0.0
417,"Death Valley (Black Mtns Frontal), Subsection 5",0.0,0.0,0.0,0.0,0.0,0.0
418,"Death Valley (Black Mtns Frontal), Subsection 6",0.0,0.0,0.0,0.0,0.0,0.0
419,"Death Valley (Black Mtns Frontal), Subsection 7",0.0,0.0,0.0,0.0,0.0,0.0
420,"Death Valley (Black Mtns Frontal), Subsection 8",0.0,0.0,0.0,0.0,0.0,0.0
421,"Death Valley (Black Mtns Frontal), Subsection 9",0.0,0.0,0.0,0.0,0.0,0.0
422,"Death Valley (Black Mtns Frontal), Subsection 10",0.0,0.0,0.0,0.0,0.0,0.0
423,"Death Valley (Fish Lake Valley), Subsection 0",0.0,0.0,0.0,0.0,0.0,0.0
424,"Death Valley (Fish Lake Valley), Subsection 1",0.0,0.0,0.0,0.0,0.0,0.0
425,"Death Valley (Fish Lake Valley), Subsection 2",0.0,0.0,0.0,0.0,0.0,0.0
426,"Death Valley (Fish Lake Valley), Subsection 3",0.0,0.0,0.0,0.0,0.0,0.0
427,"Death Valley (Fish Lake Valley), Subsection 4",0.0,0.0,0.0,0.0,0.0,0.0
428,"Death Valley (Fish Lake Valley), Subsection 5",0.0,0.0,0.0,0.0,0.0,0.0
429,"Death Valley (Fish Lake Valley), Subsection 6",0.0,0.0,0.0,0.0,0.0,0.0
430,"Death Valley (Fish Lake Valley), Subsection 7",0.0,0.0,0.0,0.0,0.0,0.0
431,"Death Valley (Fish Lake Valley), Subsection 8",0.0,0.0,0.0,0.0,0.0,0.0
432,"Death Valley (Fish Lake Valley), Subsection 9",0.0,0.0,0.0,0.0,0.0,0.0
433,"Death Valley (Fish Lake Valley), Subsection 10",0.0,0.0,0.0,0.0,0.0,0.0
434,"Death Valley (Fish Lake Valley), Subsection 11",0.0,0.0,0.0,0.0,0.0,0.0
435,"Death Valley (No), Subsection 0",0.0,0.0,0.0,0.0,0.0,0.0
436,"Death Valley (No), Subsection 1",0.0,0.0,0.0,0.0,0.0,0.0
437,"Death Valley (No), Subsection 2",0.0,0.0,0.0,0.0,0.0,0.0
438,"Death Valley (No), Subsection 3",0.0,0.0,0.0,0.0,0.0,0.0
439,"Death Valley (No), Subsection 4",0.0,0.0,0.0,0.0,0.0,0.0
440,"Death Valley (No), Subsection 5",0.0,0.0,0.0,0.0,0.0,0.0
441,"Death Valley (No), Subsection 6",0.0,0.0,0.0,0.0,0.0,0.0
442,"Death Valley (No), Subsection 7",0.0,0.0,0.0,0.0,0.0,0.0
443,"Death Valley (No), Subsection 8",0.0,0.0,0.0,0.0,0.0,0.0
444,"Death Valley (No), Subsection 9",0.0,0.0,0.0,0.0,0.0,0.0
445,"Death Valley (No), Subsection 10",0.0,0.0,0.0,0.0,0.0,0.0
446,"Death Valley (No), Subsection 11",0.0,0.0,0.0,0.0,0.0,0.0
447,"Death Valley (No), Subsection 12",0.0,0.0,0.0,0.0,0.0,0.0
448,"Death Valley (No), Subsection 13",0.0,0.0,0.0,0.0,0.0,0.0
449,"Death Valley (No), Subsection 14",0.0,0.0,0.0,0.0,0.0,0.0
450,"Death Valley (No), Subsection 15",0.0,0.0,0.0,0.0,0.0,0.0
451,"Death Valley (No), Subsection 16",0.0,0.0,0.0,0.0,0.0,0.0
452,"Death Valley (So), Subsection 0",0.0,0.0,0.0,0.0,0.0,0.0
453,"Death Valley (So), Subsection 1",0.0,0.0,0.0,0.0,0.0,0.0
454,"Death Valley (So), Subsection 2",0.0,0.0,0.0,0.0,0.0,0.0
455,"Death Valley (So), Subsection 3",0.0,0.0,0.0,0.0,0.0,0.0
456,"Death Valley (So), Subsection 4",0.0,0.0,0.0,0.0,0.0,0.0
457,"Death Valley (So), Subsection 5",0.0,0.0,0.0,0.0,0.0,0.0
458,"Death Valley (So), Subsection 6",0.0,0.0,0.0,0.0,0.0,0.0
459,"Deep Springs, Subsection 0",0.0,0.0,0.0,0.0,0.0,0.0
460,"Deep Springs, Subsection 1",0.0,0.0,0.0,0.0,0.0,0.0
461,"Deep Springs, Subsection 2",0.0,0.0,0.0,0.0,0.0,0.0
462,"Del Valle, Subsection 0",0.0,0.0,0.0,0.0,0.0,0.0
463,"Del Valle, Subsection 1",0.0,0.0,0.0,0.0,0.0,0.0
464,"Dog Valley, Subsection 0",0.0,0.0,0.0,0.0,0.0,0.0
465,"Dog Valley, Subsection 1",0.0,0.0,0.0,0.0,0.0,0.0
466,"Dog Valley, Subsection 2",0.0,0.0,0.0,0.0,0.0,0.0
467,"Dog Valley, Subsection 3",0.0,0.0,0.0,0.0,0.0,0.0
468,"Dry Mountain, Subsection 0",0.0,0.0,0.0,0.0,0.0,0.0
469,"Dry Mountain, Subsection 1",0.0,0.0,0.0,0.0,0.0,0.0
470,"Dry Mountain, Subsection 2",0.0,0.0,0.0,0.0,0.0,0.0
471,"Dry Mountain, Subsection 3",0.0,0.0,0.0,0.0,0.0,0.0
472,"Earthquake Valley, Subsection 0",0.0,0.0,0.0,0.0,0.0,0.0
473,"Earthquake Valley, Subsection 1",0.0,0.0,0.0,0.0,0.0,0.0
474,"Earthquake Valley, Subsection 2",0.0,0.0,0.0,0.0,0.0,0.0
475,"Earthquake Valley (No  Extension), Subsection 0",0.0,0.0,0.0,0.0,0.0,0.0
476,"Earthquake Valley (No  Extension), Subsection 1",0.0,0.0,0.0,0.0,0.0,0.0
477,"Earthquake Valley (No  Extension), Subsection 2",0.0,0.0,0.0,0.0,0.0,0.0
478,"Earthquake Valley (No  Extension), Subsection 3",0.0,0.0,0.0,0.0,0.0,0.0
479,"Earthquake Valley (So Extension), Subsection 0",0.0,0.0,0.0,0.0,0.0,0.0
480,"Earthquake Valley (So Extension), Subsection 1",0.0,0.0,0.0,0.0,0.0,0.0
481,"East Huasna 2011 CFM, Subsection 0",0.0,0.0,0.0,0.0,0.0,0.0
482,"East Huasna 2011 CFM, Subsection 1",0.0,0.0,0.0,0.0,0.0,0.0
483,"East Huasna 2011 CFM, Subsection 2",0.0,0.0,0.0,0.0,0.0,0.0
484,"East Huasna 2011 CFM, Subsection 3",0.0,0.0,0.0,0.0,0.0,0.0
485,"East Huasna 2011 CFM, Subsection 4",0.0,0.0,0.0,0.0,0.0,0.0
486,"East Huasna 2011 CFM, Subsection 5",0.0,0.0,0.0,0.0,0.0,0.0
487,"East Huasna 2011 CFM, Subsection 6",0.0,0.0,0.0,0.0,0.0,0.0
488,"East Huasna 2011 CFM, Subsection 7",0.0,0.0,0.0,0.0,0.0,0.0
489,"East Huasna 2011 CFM, Subsection 8",0.0,0.0,0.0,0.0,0.0,0.0
490,"East Huasna 2011 CFM, Subsection 9",0.0,0.0,0.0,0.0,0.0,0.0
491,"Eaton Roughs 2011 CFM, Subsection 0",0.0,0.0,0.0,0.0,0.0,0.0
492,"Eaton Roughs 2011 CFM, Subsection 1",0.0,0.0,0.0,0.0,0.0,0.0
493,"Eaton Roughs 2011 CFM, Subsection 2",0.0,0.0,0.0,0.0,0.0,0.0
494,"Eaton Roughs 2011 CFM, Subsection 3",0.0,0.0,0.0,0.0,0.0,0.0
495,"Eaton Roughs 2011 CFM, Subsection 4",0.0,0.0,0.0,0.0,0.0,0.0
496,"Eaton Roughs 2011 CFM, Subsection 5",0.0,0.0,0.0,0.0,0.0,0.0
497,"Eaton Roughs 2011 CFM, Subsection 6",0.0,0.0,0.0,0.0,0.0,0.0
498,"Eaton Roughs 2011 CFM, Subsection 7",0.0,0.0,0.0,0.0,0.0,0.0
499,"Eaton Roughs 2011 CFM, Subsection 8",0.0,0.0,0.0,0.0,0.0,0.0
500,"Eaton Roughs 2011 CFM, Subsection 9",0.0,0.0,0.0,0.0,0.0,0.0
501,"Eaton Roughs 2011 CFM, Subsection 10",0.0,0.0,0.0,0.0,0.0,0.0
502,"Eaton Roughs 2011 CFM, Subsection 11",0.0,0.0,0.0,0.0,0.0,0.0
503,"Eaton Roughs 2011 CFM, Subsection 12",0.0,0.0,0.0,0.0,0.0,0.0
504,"Eaton Roughs 2011 CFM, Subsection 13",0.0,0.0,0.0,0.0,0.0,0.0
505,"Elmore Ranch, Subsection 0",0.0,0.0,0.0,0.0,0.0,0.0
506,"Elmore Ranch, Subsection 1",0.0,0.0,0.0,0.0,0.0,0.0
507,"Elmore Ranch, Subsection 2",0.0,0.0,0.0,0.0,0.0,0.0
508,"Elmore Ranch, Subsection 3",0.0,0.0,0.0,0.0,0.0,0.0
509,"Elmore Ranch, Subsection 4",0.0,0.0,0.0,0.0,0.0,0.0
510,"Elmore Ranch, Subsection 5",0.0,0.0,0.0,0.0,0.0,0.0
511,"Elsinore (Coyote Mountains), Subsection 0",0.0,0.0,0.0,0.0,0.0,0.0
512,"Elsinore (Coyote Mountains), Subsection 1",0.0,0.0,0.0,0.0,0.0,0.0
513,"Elsinore (Coyote Mountains), Subsection 2",0.0,0.0,0.0,0.0,0.0,0.0
514,"Elsinore (Coyote Mountains), Subsection 3",0.0,0.0,0.0,0.0,0.0,0.0
515,"Elsinore (Coyote Mountains), Subsection 4",0.0,0.0,0.0,0.0,0.0,0.0
516,"Elsinore (Coyote Mountains), Subsection 5",0.0,0.0,0.0,0.0,0.0,0.0
517,"Elsinore (Glen Ivy) rev, Subsection 0",0.0,0.0,0.0,0.0,0.0,0.0
518,"Elsinore (Glen Ivy) rev, Subsection 1",0.0,0.0,0.0,0.0,0.0,0.0
519,"Elsinore (Glen Ivy) rev, Subsection 2",0.0,0.0,0.0,0.0,0.0,0.0
520,"Elsinore (Glen Ivy) rev, Subsection 3",0.0,0.0,0.0,0.0,0.0,0.0
521,"Elsinore (Julian), Subsection 0",0.0,0.0,0.0,0.0,0.0,0.0
522,"Elsinore (Julian), Subsection 1",0.0,0.0,0.0,0.0,0.0,0.0
523,"Elsinore (Julian), Subsection 2",0.0,0.0,0.0,0.0,0.0,0.0
524,"Elsinore (Julian), Subsection 3",0.0,0.0,0.0,0.0,0.0,0.0
525,"Elsinore (Julian), Subsection 4",0.0,0.0,0.0,0.0,0.0,0.0
526,"Elsinore (Julian), Subsection 5",0.0,0.0,0.0,0.0,0.0,0.0
527,"Elsinore (Julian), Subsection 6",0.0,0.0,0.0,0.0,0.0,0.0
528,"Elsinore (Julian), Subsection 7",0.0,0.0,0.0,0.0,0.0,0.0
529,"Elsinore (Stepovers Combined), Subsection 0",0.0,0.0,0.0,0.0,0.0,0.0
530,"Elsinore (Stepovers Combined), Subsection 1",0.0,0.0,0.0,0.0,0.0,0.0
531,"Elsinore (Temecula) rev, Subsection 0",0.0,0.0,0.0,0.0,0.0,0.0
532,"Elsinore (Temecula) rev, Subsection 1",0.0,0.0,0.0,0.0,0.0,0.0
533,"Elsinore (Temecula) rev, Subsection 2",0.0,0.0,0.0,0.0,0.0,0.0
534,"Elsinore (Temecula) rev, Subsection 3",0.0,0.0,0.0,0.0,0.0,0.0
535,"Elsinore (Temecula) rev, Subsection 4",0.0,0.0,0.0,0.0,0.0,0.0
536,"Elsinore (Temecula) rev, Subsection 5",0.0,0.0,0.0,0.0,0.0,0.0
537,"Elysian Park (Lower CFM), Subsection 0",0.0,0.0,0.0,0.0,0.0,0.0
538,"Elysian Park (Lower CFM), Subsection 1",0.0,0.0,0.0,0.0,0.0,0.0
539,"Elysian Park (Lower CFM), Subsection 2",0.0,0.0,0.0,0.0,0.0,0.0
540,"Elysian Park (Lower CFM), Subsection 3",0.0,0.0,0.0,0.0,0.0,0.0
541,"Elysian Park (Lower CFM), Subsection 4",0.0,0.0,0.0,0.0,0.0,0.0
542,"Elysian Park (Lower CFM), Subsection 5",0.0,0.0,0.0,0.0,0.0,0.0
543,"Elysian Park (Lower CFM), Subsection 6",0.0,0.0,0.0,0.0,0.0,0.0
544,"Elysian Park (Upper), Subsection 0",0.0,0.0,0.0,0.0,0.0,0.0
545,"Elysian Park (Upper), Subsection 1",0.0,0.0,0.0,0.0,0.0,0.0
546,"Elysian Park (Upper), Subsection 2",0.0,0.0,0.0,0.0,0.0,0.0
547,"Emerson-Copper Mtn 2011, Subsection 0",0.0,0.0,0.0,0.0,0.0,0.0
548,"Emerson-Copper Mtn 2011, Subsection 1",0.0,0.0,0.0,0.0,0.0,0.0
549,"Emerson-Copper Mtn 2011, Subsection 2",0.0,0.0,0.0,0.0,0.0,0.0
550,"Emerson-Copper Mtn 2011, Subsection 3",0.0,0.0,0.0,0.0,0.0,0.0
551,"Emerson-Copper Mtn 2011, Subsection 4",0.0,0.0,0.0,0.0,0.0,0.0
552,"Emerson-Copper Mtn 2011, Subsection 5",0.0,0.0,0.0,0.0,0.0,0.0
553,"Emerson-Copper Mtn 2011, Subsection 6",0.0,0.0,0.0,0.0,0.0,0.0
554,"Emerson-Copper Mtn 2011, Subsection 7",0.0,0.0,0.0,0.0,0.0,0.0
555,"Emerson-Copper Mtn 2011, Subsection 8",0.0,0.0,0.0,0.0,0.0,0.0
556,"Emerson-Copper Mtn 2011, Subsection 9",0.0,0.0,0.0,0.0,0.0,0.0
557,"Emerson-Copper Mtn 2011, Subsection 10",0.0,0.0,0.0,0.0,0.0,0.0
558,"Eureka Peak, Subsection 0",0.0,0.0,0.0,0.0,0.0,0.0
559,"Eureka Peak, Subsection 1",0.0,0.0,0.0,0.0,0.0,0.0
560,"Eureka Peak, Subsection 2",0.0,0.0,0.0,0.0,0.0,0.0
561,"Fickle Hill (alt1), Subsection 0",0.0,0.0,0.0,0.0,0.0,0.0
562,"Fickle Hill (alt1), Subsection 1",0.0,0.0,0.0,0.0,0.0,0.0
563,"Fickle Hill (alt1), Subsection 2",0.0,0.0,0.0,0.0,0.0,0.0
564,"Fish Slough 2011 CFM, Subsection 0",0.0,0.0,0.0,0.0,0.0,0.0
565,"Fish Slough 2011 CFM, Subsection 1",0.0,0.0,0.0,0.0,0.0,0.0
566,"Fish Slough 2011 CFM, Subsection 2",0.0,0.0,0.0,0.0,0.0,0.0
567,"Fish Slough 2011 CFM, Subsection 3",0.0,0.0,0.0,0.0,0.0,0.0
568,"Fitzhugh Creek, Subsection 0",0.0,0.0,0.0,0.0,0.0,0.0
569,"Fitzhugh Creek, Subsection 1",0.0,0.0,0.0,0.0,0.0,0.0
570,"Fitzhugh Creek, Subsection 2",0.0,0.0,0.0,0.0,0.0,0.0
571,"Fitzhugh Creek, Subsection 3",0.0,0.0,0.0,0.0,0.0,0.0
572,"Fitzhugh Creek, Subsection 4",0.0,0.0,0.0,0.0,0.0,0.0
573,"Fitzhugh Creek, Subsection 5",0.0,0.0,0.0,0.0,0.0,0.0
574,"Fitzhugh Creek, Subsection 6",0.0,0.0,0.0,0.0,0.0,0.0
575,"Fitzhugh Creek, Subsection 7",0.0,0.0,0.0,0.0,0.0,0.0
576,"Fitzhugh Creek, Subsection 8",0.0,0.0,0.0,0.0,0.0,0.0
577,"Fontana (Seismicity), Subsection 0",0.0,0.0,0.0,0.0,0.0,0.0
578,"Fontana (Seismicity), Subsection 1",0.0,0.0,0.0,0.0,0.0,0.0
579,"Fontana (Seismicity), Subsection 2",0.0,0.0,0.0,0.0,0.0,0.0
580,"Franklin 2011 CFM, Subsection 0",0.0,0.0,0.0,0.0,0.0,0.0
581,"Franklin 2011 CFM, Subsection 1",0.0,0.0,0.0,0.0,0.0,0.0
582,"Franklin 2011 CFM, Subsection 2",0.0,0.0,0.0,0.0,0.0,0.0
583,"Franklin 2011 CFM, Subsection 3",0.0,0.0,0.0,0.0,0.0,0.0
584,"Franklin 2011 CFM, Subsection 4",0.0,0.0,0.0,0.0,0.0,0.0
585,"Franklin 2011 CFM, Subsection 5",0.0,0.0,0.0,0.0,0.0,0.0
586,"Garberville - Briceland 2011 CFM, Subsection 0",0.0,0.0,0.0,0.0,0.0,0.0
587,"Garberville - Briceland 2011 CFM, Subsection 1",0.0,0.0,0.0,0.0,0.0,0.0
588,"Garberville - Briceland 2011 CFM, Subsection 2",0.0,0.0,0.0,0.0,0.0,0.0
589,"Garberville - Briceland 2011 CFM, Subsection 3",0.0,0.0,0.0,0.0,0.0,0.0
590,"Garberville - Briceland 2011 CFM, Subsection 4",0.0,0.0,0.0,0.0,0.0,0.0
591,"Garlic Springs, Subsection 0",0.0,0.0,0.0,0.0,0.0,0.0
592,"Garlic Springs, Subsection 1",0.0,0.0,0.0,0.0,0.0,0.0
593,"Garlic Springs, Subsection 2",0.0,0.0,0.0,0.0,0.0,0.0
594,"Garlock (Central), Subsection 0",3.2E-4,1.6E-4,1.6E-4,1.6E-4,3.2E-4,4.0E-5
595,"Garlock (Central), Subsection 1",3.2E-4,1.6E-4,1.6E-4,1.6E-4,3.2E-4,4.0E-5
596,"Garlock (Central), Subsection 2",3.2E-4,1.6E-4,1.6E-4,1.6E-4,3.2E-4,4.0E-5
597,"Garlock (Central), Subsection 3",3.2E-4,1.6E-4,1.6E-4,1.6E-4,3.2E-4,4.0E-5
598,"Garlock (Central), Subsection 4",3.2E-4,1.6E-4,1.6E-4,1.6E-4,3.2E-4,4.0E-5
599,"Garlock (Central), Subsection 5",3.2E-4,1.6E-4,1.6E-4,1.6E-4,3.2E-4,4.0E-5
600,"Garlock (Central), Subsection 6",3.2E-4,1.6E-4,1.6E-4,1.6E-4,3.2E-4,4.0E-5
601,"Garlock (Central), Subsection 7",2.4E-4,8.0E-5,8.0E-5,8.0E-5,2.4E-4,4.0E-5
602,"Garlock (Central), Subsection 8",2.4E-4,8.0E-5,8.0E-5,8.0E-5,2.4E-4,4.0E-5
603,"Garlock (Central), Subsection 9",2.8E-4,1.2E-4,1.2E-4,1.2E-4,2.8E-4,8.0E-5
604,"Garlock (Central), Subsection 10",2.8E-4,1.2E-4,1.2E-4,1.2E-4,2.8E-4,8.0E-5
605,"Garlock (Central), Subsection 11",2.8E-4,1.2E-4,1.2E-4,1.2E-4,2.8E-4,8.0E-5
606,"Garlock (Central), Subsection 12",2.8E-4,1.2E-4,1.2E-4,1.2E-4,2.8E-4,8.0E-5
607,"Garlock (Central), Subsection 13",2.8E-4,1.2E-4,1.2E-4,1.2E-4,2.8E-4,8.0E-5
608,"Garlock (Central), Subsection 14",2.8E-4,1.2E-4,1.2E-4,1.2E-4,2.8E-4,8.0E-5
609,"Garlock (Central), Subsection 15",2.4E-4,8.0E-5,8.0E-5,8.0E-5,2.4E-4,8.0E-5
610,"Garlock (Central), Subsection 16",2.4E-4,8.0E-5,8.0E-5,8.0E-5,2.4E-4,8.0E-5
611,"Garlock (Central), Subsection 17",2.4E-4,8.0E-5,8.0E-5,8.0E-5,2.4E-4,8.0E-5
612,"Garlock (Central), Subsection 18",2.4E-4,8.0E-5,8.0E-5,8.0E-5,2.4E-4,8.0E-5
613,"Garlock (Central), Subsection 19",2.0E-4,8.0E-5,8.0E-5,8.0E-5,2.0E-4,8.0E-5
614,"Garlock (East), Subsection 0",1.2E-4,4.0E-5,4.0E-5,4.0E-5,1.2E-4,4.0E-5
615,"Garlock (East), Subsection 1",1.2E-4,4.0E-5,4.0E-5,4.0E-5,1.2E-4,4.0E-5
616,"Garlock (East), Subsection 2",1.2E-4,4.0E-5,4.0E-5,4.0E-5,1.2E-4,4.0E-5
617,"Garlock (East), Subsection 3",8.0E-5,4.0E-5,4.0E-5,4.0E-5,8.0E-5,4.0E-5
618,"Garlock (East), Subsection 4",4.0E-5,0.0,0.0,0.0,4.0E-5,0.0
619,"Garlock (East), Subsection 5",4.0E-5,0.0,0.0,0.0,4.0E-5,0.0
620,"Garlock (East), Subsection 6",4.0E-5,0.0,0.0,0.0,4.0E-5,0.0
621,"Garlock (East), Subsection 7",4.0E-5,0.0,0.0,0.0,4.0E-5,0.0
622,"Garlock (West), Subsection 0",4.4E-4,2.4E-4,2.8E-4,2.8E-4,4.4E-4,1.2E-4
623,"Garlock (West), Subsection 1",4.4E-4,2.4E-4,2.8E-4,2.8E-4,4.4E-4,1.2E-4
624,"Garlock (West), Subsection 2",4.4E-4,2.4E-4,2.8E-4,2.8E-4,4.4E-4,1.2E-4
625,"Garlock (West), Subsection 3",4.4E-4,2.4E-4,2.8E-4,2.8E-4,4.4E-4,1.2E-4
626,"Garlock (West), Subsection 4",4.4E-4,2.4E-4,2.8E-4,2.8E-4,4.4E-4,1.2E-4
627,"Garlock (West), Subsection 5",4.0E-4,2.0E-4,2.4E-4,2.4E-4,4.0E-4,8.0E-5
628,"Garlock (West), Subsection 6",3.6E-4,2.0E-4,2.0E-4,2.0E-4,3.6E-4,4.0E-5
629,"Garlock (West), Subsection 7",3.6E-4,2.0E-4,2.0E-4,2.0E-4,3.6E-4,4.0E-5
630,"Garlock (West), Subsection 8",3.6E-4,2.0E-4,2.0E-4,2.0E-4,3.6E-4,4.0E-5
631,"Garlock (West), Subsection 9",3.6E-4,2.0E-4,2.0E-4,2.0E-4,3.6E-4,4.0E-5
632,"Garlock (West), Subsection 10",3.6E-4,2.0E-4,2.0E-4,2.0E-4,3.6E-4,4.0E-5
633,"Garlock (West), Subsection 11",3.6E-4,2.0E-4,2.0E-4,2.0E-4,3.6E-4,4.0E-5
634,"Garlock (West), Subsection 12",3.2E-4,1.6E-4,1.6E-4,1.6E-4,3.2E-4,4.0E-5
635,"Garlock (West), Subsection 13",3.2E-4,1.6E-4,1.6E-4,1.6E-4,3.2E-4,4.0E-5
636,"Gillem - Big Crack 2011 CFM, Subsection 0",0.0,0.0,0.0,0.0,0.0,0.0
637,"Gillem - Big Crack 2011 CFM, Subsection 1",0.0,0.0,0.0,0.0,0.0,0.0
638,"Gillem - Big Crack 2011 CFM, Subsection 2",0.0,0.0,0.0,0.0,0.0,0.0
639,"Gillem - Big Crack 2011 CFM, Subsection 3",0.0,0.0,0.0,0.0,0.0,0.0
640,"Gillem - Big Crack 2011 CFM, Subsection 4",0.0,0.0,0.0,0.0,0.0,0.0
641,"Gillem - Big Crack 2011 CFM, Subsection 5",0.0,0.0,0.0,0.0,0.0,0.0
642,"Gillem - Big Crack 2011 CFM, Subsection 6",0.0,0.0,0.0,0.0,0.0,0.0
643,"Goldstone Lake, Subsection 0",0.0,0.0,0.0,0.0,0.0,0.0
644,"Goldstone Lake, Subsection 1",0.0,0.0,0.0,0.0,0.0,0.0
645,"Goldstone Lake, Subsection 2",0.0,0.0,0.0,0.0,0.0,0.0
646,"Goldstone Lake, Subsection 3",0.0,0.0,0.0,0.0,0.0,0.0
647,"Goldstone Lake, Subsection 4",0.0,0.0,0.0,0.0,0.0,0.0
648,"Goldstone Lake, Subsection 5",0.0,0.0,0.0,0.0,0.0,0.0
649,"Goose Lake 2011 CFM, Subsection 0",0.0,0.0,0.0,0.0,0.0,0.0
650,"Goose Lake 2011 CFM, Subsection 1",0.0,0.0,0.0,0.0,0.0,0.0
651,"Goose Lake 2011 CFM, Subsection 2",0.0,0.0,0.0,0.0,0.0,0.0
652,"Goose Lake 2011 CFM, Subsection 3",0.0,0.0,0.0,0.0,0.0,0.0
653,"Goose Lake 2011 CFM, Subsection 4",0.0,0.0,0.0,0.0,0.0,0.0
654,"Goose Lake 2011 CFM, Subsection 5",0.0,0.0,0.0,0.0,0.0,0.0
655,"Goose Lake 2011 CFM, Subsection 6",0.0,0.0,0.0,0.0,0.0,0.0
656,"Goose Lake 2011 CFM, Subsection 7",0.0,0.0,0.0,0.0,0.0,0.0
657,"Goose Lake 2011 CFM, Subsection 8",0.0,0.0,0.0,0.0,0.0,0.0
658,"Goose Lake 2011 CFM, Subsection 9",0.0,0.0,0.0,0.0,0.0,0.0
659,"Goose Lake 2011 CFM, Subsection 10",0.0,0.0,0.0,0.0,0.0,0.0
660,"Goose Lake 2011 CFM, Subsection 11",0.0,0.0,0.0,0.0,0.0,0.0
661,"Goose Lake 2011 CFM, Subsection 12",0.0,0.0,0.0,0.0,0.0,0.0
662,"Gravel Hills-Harper Lk, Subsection 0",0.0,0.0,0.0,0.0,0.0,0.0
663,"Gravel Hills-Harper Lk, Subsection 1",0.0,0.0,0.0,0.0,0.0,0.0
664,"Gravel Hills-Harper Lk, Subsection 2",0.0,0.0,0.0,0.0,0.0,0.0
665,"Gravel Hills-Harper Lk, Subsection 3",0.0,0.0,0.0,0.0,0.0,0.0
666,"Gravel Hills-Harper Lk, Subsection 4",0.0,0.0,0.0,0.0,0.0,0.0
667,"Gravel Hills-Harper Lk, Subsection 5",0.0,0.0,0.0,0.0,0.0,0.0
668,"Gravel Hills-Harper Lk, Subsection 6",0.0,0.0,0.0,0.0,0.0,0.0
669,"Gravel Hills-Harper Lk, Subsection 7",0.0,0.0,0.0,0.0,0.0,0.0
670,"Gravel Hills-Harper Lk, Subsection 8",0.0,0.0,0.0,0.0,0.0,0.0
671,"Gravel Hills-Harper Lk, Subsection 9",0.0,0.0,0.0,0.0,0.0,0.0
672,"Gravel Hills-Harper Lk, Subsection 10",0.0,0.0,0.0,0.0,0.0,0.0
673,"Gravel Hills-Harper Lk, Subsection 11",0.0,0.0,0.0,0.0,0.0,0.0
674,"Great Valley 01, Subsection 0",0.0,0.0,0.0,0.0,0.0,0.0
675,"Great Valley 01, Subsection 1",0.0,0.0,0.0,0.0,0.0,0.0
676,"Great Valley 01, Subsection 2",0.0,0.0,0.0,0.0,0.0,0.0
677,"Great Valley 01, Subsection 3",0.0,0.0,0.0,0.0,0.0,0.0
678,"Great Valley 01, Subsection 4",0.0,0.0,0.0,0.0,0.0,0.0
679,"Great Valley 01, Subsection 5",0.0,0.0,0.0,0.0,0.0,0.0
680,"Great Valley 01, Subsection 6",0.0,0.0,0.0,0.0,0.0,0.0
681,"Great Valley 01, Subsection 7",0.0,0.0,0.0,0.0,0.0,0.0
682,"Great Valley 01, Subsection 8",0.0,0.0,0.0,0.0,0.0,0.0
683,"Great Valley 02, Subsection 0",0.0,0.0,0.0,0.0,0.0,0.0
684,"Great Valley 02, Subsection 1",0.0,0.0,0.0,0.0,0.0,0.0
685,"Great Valley 02, Subsection 2",0.0,0.0,0.0,0.0,0.0,0.0
686,"Great Valley 02, Subsection 3",0.0,0.0,0.0,0.0,0.0,0.0
687,"Great Valley 02, Subsection 4",0.0,0.0,0.0,0.0,0.0,0.0
688,"Great Valley 03 Mysterious Ridge, Subsection 0",0.0,0.0,0.0,0.0,0.0,0.0
689,"Great Valley 03 Mysterious Ridge, Subsection 1",0.0,0.0,0.0,0.0,0.0,0.0
690,"Great Valley 03 Mysterious Ridge, Subsection 2",0.0,0.0,0.0,0.0,0.0,0.0
691,"Great Valley 03 Mysterious Ridge, Subsection 3",0.0,0.0,0.0,0.0,0.0,0.0
692,"Great Valley 03 Mysterious Ridge, Subsection 4",0.0,0.0,0.0,0.0,0.0,0.0
693,"Great Valley 03 Mysterious Ridge, Subsection 5",0.0,0.0,0.0,0.0,0.0,0.0
694,"Great Valley 03 Mysterious Ridge, Subsection 6",0.0,0.0,0.0,0.0,0.0,0.0
695,"Great Valley 03 Mysterious Ridge, Subsection 7",0.0,0.0,0.0,0.0,0.0,0.0
696,"Great Valley 03a Dunnigan Hills, Subsection 0",0.0,0.0,0.0,0.0,0.0,0.0
697,"Great Valley 03a Dunnigan Hills, Subsection 1",0.0,0.0,0.0,0.0,0.0,0.0
698,"Great Valley 03a Dunnigan Hills, Subsection 2",0.0,0.0,0.0,0.0,0.0,0.0
699,"Great Valley 03a Dunnigan Hills, Subsection 3",0.0,0.0,0.0,0.0,0.0,0.0
700,"Great Valley 03a Dunnigan Hills, Subsection 4",0.0,0.0,0.0,0.0,0.0,0.0
701,"Great Valley 03a Dunnigan Hills, Subsection 5",0.0,0.0,0.0,0.0,0.0,0.0
702,"Great Valley 03a Dunnigan Hills, Subsection 6",0.0,0.0,0.0,0.0,0.0,0.0
703,"Great Valley 04a Trout Creek, Subsection 0",0.0,0.0,0.0,0.0,0.0,0.0
704,"Great Valley 04a Trout Creek, Subsection 1",0.0,0.0,0.0,0.0,0.0,0.0
705,"Great Valley 04a Trout Creek, Subsection 2",0.0,0.0,0.0,0.0,0.0,0.0
706,"Great Valley 04b Gordon Valley, Subsection 0",0.0,0.0,0.0,0.0,0.0,0.0
707,"Great Valley 04b Gordon Valley, Subsection 1",0.0,0.0,0.0,0.0,0.0,0.0
708,"Great Valley 04b Gordon Valley, Subsection 2",0.0,0.0,0.0,0.0,0.0,0.0
709,"Great Valley 04b Gordon Valley, Subsection 3",0.0,0.0,0.0,0.0,0.0,0.0
710,"Great Valley 05 Pittsburg - Kirby Hills alt1, Subsection 0",0.0,0.0,0.0,0.0,0.0,0.0
711,"Great Valley 05 Pittsburg - Kirby Hills alt1, Subsection 1",0.0,0.0,0.0,0.0,0.0,0.0
712,"Great Valley 05 Pittsburg - Kirby Hills alt1, Subsection 2",0.0,0.0,0.0,0.0,0.0,0.0
713,"Great Valley 05 Pittsburg - Kirby Hills alt1, Subsection 3",0.0,0.0,0.0,0.0,0.0,0.0
714,"Great Valley 06 (Midland) 2011 CFM alt1, Subsection 0",0.0,0.0,0.0,0.0,0.0,0.0
715,"Great Valley 06 (Midland) 2011 CFM alt1, Subsection 1",0.0,0.0,0.0,0.0,0.0,0.0
716,"Great Valley 06 (Midland) 2011 CFM alt1, Subsection 2",0.0,0.0,0.0,0.0,0.0,0.0
717,"Great Valley 06 (Midland) 2011 CFM alt1, Subsection 3",0.0,0.0,0.0,0.0,0.0,0.0
718,"Great Valley 06 (Midland) 2011 CFM alt1, Subsection 4",0.0,0.0,0.0,0.0,0.0,0.0
719,"Great Valley 06 (Midland) 2011 CFM alt1, Subsection 5",0.0,0.0,0.0,0.0,0.0,0.0
720,"Great Valley 06 (Midland) 2011 CFM alt1, Subsection 6",0.0,0.0,0.0,0.0,0.0,0.0
721,"Great Valley 06 (Midland) 2011 CFM alt1, Subsection 7",0.0,0.0,0.0,0.0,0.0,0.0
722,"Great Valley 07 (Orestimba), Subsection 0",0.0,0.0,0.0,0.0,0.0,0.0
723,"Great Valley 07 (Orestimba), Subsection 1",0.0,0.0,0.0,0.0,0.0,0.0
724,"Great Valley 07 (Orestimba), Subsection 2",0.0,0.0,0.0,0.0,0.0,0.0
725,"Great Valley 07 (Orestimba), Subsection 3",0.0,0.0,0.0,0.0,0.0,0.0
726,"Great Valley 07 (Orestimba), Subsection 4",0.0,0.0,0.0,0.0,0.0,0.0
727,"Great Valley 07 (Orestimba), Subsection 5",0.0,0.0,0.0,0.0,0.0,0.0
728,"Great Valley 07 (Orestimba), Subsection 6",0.0,0.0,0.0,0.0,0.0,0.0
729,"Great Valley 07 (Orestimba), Subsection 7",0.0,0.0,0.0,0.0,0.0,0.0
730,"Great Valley 07 (Orestimba), Subsection 8",0.0,0.0,0.0,0.0,0.0,0.0
731,"Great Valley 07 (Orestimba), Subsection 9",0.0,0.0,0.0,0.0,0.0,0.0
732,"Great Valley 07 (Orestimba), Subsection 10",0.0,0.0,0.0,0.0,0.0,0.0
733,"Great Valley 07 (Orestimba), Subsection 11",0.0,0.0,0.0,0.0,0.0,0.0
734,"Great Valley 07 (Orestimba), Subsection 12",0.0,0.0,0.0,0.0,0.0,0.0
735,"Great Valley 07 (Orestimba), Subsection 13",0.0,0.0,0.0,0.0,0.0,0.0
736,"Great Valley 07 (Orestimba), Subsection 14",0.0,0.0,0.0,0.0,0.0,0.0
737,"Great Valley 07 (Orestimba), Subsection 15",0.0,0.0,0.0,0.0,0.0,0.0
738,"Great Valley 07 (Orestimba), Subsection 16",0.0,0.0,0.0,0.0,0.0,0.0
739,"Great Valley 07 (Orestimba), Subsection 17",0.0,0.0,0.0,0.0,0.0,0.0
740,"Great Valley 08 (Quinto), Subsection 0",0.0,0.0,0.0,0.0,0.0,0.0
741,"Great Valley 08 (Quinto), Subsection 1",0.0,0.0,0.0,0.0,0.0,0.0
742,"Great Valley 08 (Quinto), Subsection 2",0.0,0.0,0.0,0.0,0.0,0.0
743,"Great Valley 09 (Laguna Seca), Subsection 0",0.0,0.0,0.0,0.0,0.0,0.0
744,"Great Valley 09 (Laguna Seca), Subsection 1",0.0,0.0,0.0,0.0,0.0,0.0
745,"Great Valley 09 (Laguna Seca), Subsection 2",0.0,0.0,0.0,0.0,0.0,0.0
746,"Great Valley 09 (Laguna Seca), Subsection 3",0.0,0.0,0.0,0.0,0.0,0.0
747,"Great Valley 09 (Laguna Seca), Subsection 4",0.0,0.0,0.0,0.0,0.0,0.0
748,"Great Valley 09 (Laguna Seca), Subsection 5",0.0,0.0,0.0,0.0,0.0,0.0
749,"Great Valley 09 (Laguna Seca), Subsection 6",0.0,0.0,0.0,0.0,0.0,0.0
750,"Great Valley 09 (Laguna Seca), Subsection 7",0.0,0.0,0.0,0.0,0.0,0.0
751,"Great Valley 09 (Laguna Seca), Subsection 8",0.0,0.0,0.0,0.0,0.0,0.0
752,"Great Valley 09 (Laguna Seca), Subsection 9",0.0,0.0,0.0,0.0,0.0,0.0
753,"Great Valley 09 (Laguna Seca), Subsection 10",0.0,0.0,0.0,0.0,0.0,0.0
754,"Great Valley 09 (Laguna Seca), Subsection 11",0.0,0.0,0.0,0.0,0.0,0.0
755,"Great Valley 09 (Laguna Seca), Subsection 12",0.0,0.0,0.0,0.0,0.0,0.0
756,"Great Valley 10 (Panoche), Subsection 0",0.0,0.0,0.0,0.0,0.0,0.0
757,"Great Valley 10 (Panoche), Subsection 1",0.0,0.0,0.0,0.0,0.0,0.0
758,"Great Valley 10 (Panoche), Subsection 2",0.0,0.0,0.0,0.0,0.0,0.0
759,"Great Valley 10 (Panoche), Subsection 3",0.0,0.0,0.0,0.0,0.0,0.0
760,"Great Valley 10 (Panoche), Subsection 4",0.0,0.0,0.0,0.0,0.0,0.0
761,"Great Valley 11, Subsection 0",0.0,0.0,0.0,0.0,0.0,0.0
762,"Great Valley 11, Subsection 1",0.0,0.0,0.0,0.0,0.0,0.0
763,"Great Valley 11, Subsection 2",0.0,0.0,0.0,0.0,0.0,0.0
764,"Great Valley 11, Subsection 3",0.0,0.0,0.0,0.0,0.0,0.0
765,"Great Valley 11, Subsection 4",0.0,0.0,0.0,0.0,0.0,0.0
766,"Great Valley 12, Subsection 0",0.0,0.0,0.0,0.0,0.0,0.0
767,"Great Valley 12, Subsection 1",0.0,0.0,0.0,0.0,0.0,0.0
768,"Great Valley 12, Subsection 2",0.0,0.0,0.0,0.0,0.0,0.0
769,"Great Valley 12, Subsection 3",0.0,0.0,0.0,0.0,0.0,0.0
770,"Great Valley 13 (Coalinga), Subsection 0",0.0,0.0,0.0,0.0,0.0,0.0
771,"Great Valley 13 (Coalinga), Subsection 1",0.0,0.0,0.0,0.0,0.0,0.0
772,"Great Valley 13 (Coalinga), Subsection 2",0.0,0.0,0.0,0.0,0.0,0.0
773,"Great Valley 14 (Kettleman Hills), Subsection 0",0.0,0.0,0.0,0.0,0.0,0.0
774,"Great Valley 14 (Kettleman Hills), Subsection 1",0.0,0.0,0.0,0.0,0.0,0.0
775,"Green Valley 2011 CFM, Subsection 0",0.0,0.0,0.0,0.0,0.0,0.0
776,"Green Valley 2011 CFM, Subsection 1",0.0,0.0,0.0,0.0,0.0,0.0
777,"Green Valley 2011 CFM, Subsection 2",0.0,0.0,0.0,0.0,0.0,0.0
778,"Green Valley 2011 CFM, Subsection 3",0.0,0.0,0.0,0.0,0.0,0.0
779,"Green Valley 2011 CFM, Subsection 4",0.0,0.0,0.0,0.0,0.0,0.0
780,"Green Valley 2011 CFM, Subsection 5",0.0,0.0,0.0,0.0,0.0,0.0
781,"Green Valley 2011 CFM, Subsection 6",0.0,0.0,0.0,0.0,0.0,0.0
782,"Greenville (No) 2011 CFM, Subsection 0",0.0,0.0,0.0,0.0,0.0,0.0
783,"Greenville (No) 2011 CFM, Subsection 1",0.0,0.0,0.0,0.0,0.0,0.0
784,"Greenville (No) 2011 CFM, Subsection 2",0.0,0.0,0.0,0.0,0.0,0.0
785,"Greenville (No) 2011 CFM, Subsection 3",0.0,0.0,0.0,0.0,0.0,0.0
786,"Greenville (No) 2011 CFM, Subsection 4",0.0,0.0,0.0,0.0,0.0,0.0
787,"Greenville (No) 2011 CFM, Subsection 5",0.0,0.0,0.0,0.0,0.0,0.0
788,"Greenville (No) 2011 CFM, Subsection 6",0.0,0.0,0.0,0.0,0.0,0.0
789,"Greenville (So) 2011 CFM, Subsection 0",0.0,0.0,0.0,0.0,0.0,0.0
790,"Greenville (So) 2011 CFM, Subsection 1",0.0,0.0,0.0,0.0,0.0,0.0
791,"Greenville (So) 2011 CFM, Subsection 2",0.0,0.0,0.0,0.0,0.0,0.0
792,"Greenville (So) 2011 CFM, Subsection 3",0.0,0.0,0.0,0.0,0.0,0.0
793,"Greenville (So) 2011 CFM, Subsection 4",0.0,0.0,0.0,0.0,0.0,0.0
794,"Greenville (So) 2011 CFM, Subsection 5",0.0,0.0,0.0,0.0,0.0,0.0
795,"Hartley Springs 2011 CFM, Subsection 0",0.0,0.0,0.0,0.0,0.0,0.0
796,"Hartley Springs 2011 CFM, Subsection 1",0.0,0.0,0.0,0.0,0.0,0.0
797,"Hartley Springs 2011 CFM, Subsection 2",0.0,0.0,0.0,0.0,0.0,0.0
798,"Hat Creek-McArthur-Mayfield, Subsection 0",0.0,0.0,0.0,0.0,0.0,0.0
799,"Hat Creek-McArthur-Mayfield, Subsection 1",0.0,0.0,0.0,0.0,0.0,0.0
800,"Hat Creek-McArthur-Mayfield, Subsection 2",0.0,0.0,0.0,0.0,0.0,0.0
801,"Hat Creek-McArthur-Mayfield, Subsection 3",0.0,0.0,0.0,0.0,0.0,0.0
802,"Hat Creek-McArthur-Mayfield, Subsection 4",0.0,0.0,0.0,0.0,0.0,0.0
803,"Hat Creek-McArthur-Mayfield, Subsection 5",0.0,0.0,0.0,0.0,0.0,0.0
804,"Hat Creek-McArthur-Mayfield, Subsection 6",0.0,0.0,0.0,0.0,0.0,0.0
805,"Hat Creek-McArthur-Mayfield, Subsection 7",0.0,0.0,0.0,0.0,0.0,0.0
806,"Hat Creek-McArthur-Mayfield, Subsection 8",0.0,0.0,0.0,0.0,0.0,0.0
807,"Hat Creek-McArthur-Mayfield, Subsection 9",0.0,0.0,0.0,0.0,0.0,0.0
808,"Hat Creek-McArthur-Mayfield, Subsection 10",0.0,0.0,0.0,0.0,0.0,0.0
809,"Hat Creek-McArthur-Mayfield, Subsection 11",0.0,0.0,0.0,0.0,0.0,0.0
810,"Hat Creek-McArthur-Mayfield, Subsection 12",0.0,0.0,0.0,0.0,0.0,0.0
811,"Hat Creek-McArthur-Mayfield, Subsection 13",0.0,0.0,0.0,0.0,0.0,0.0
812,"Hat Creek-McArthur-Mayfield, Subsection 14",0.0,0.0,0.0,0.0,0.0,0.0
813,"Hat Creek-McArthur-Mayfield, Subsection 15",0.0,0.0,0.0,0.0,0.0,0.0
814,"Hat Creek-McArthur-Mayfield, Subsection 16",0.0,0.0,0.0,0.0,0.0,0.0
815,"Hat Creek-McArthur-Mayfield, Subsection 17",0.0,0.0,0.0,0.0,0.0,0.0
816,"Hat Creek-McArthur-Mayfield, Subsection 18",0.0,0.0,0.0,0.0,0.0,0.0
817,"Hat Creek-McArthur-Mayfield, Subsection 19",0.0,0.0,0.0,0.0,0.0,0.0
818,"Hayward (No) 2011 CFM, Subsection 0",0.0,0.0,0.0,0.0,0.0,0.0
819,"Hayward (No) 2011 CFM, Subsection 1",0.0,0.0,0.0,0.0,0.0,0.0
820,"Hayward (No) 2011 CFM, Subsection 2",0.0,0.0,0.0,0.0,0.0,0.0
821,"Hayward (No) 2011 CFM, Subsection 3",0.0,0.0,0.0,0.0,0.0,0.0
822,"Hayward (No) 2011 CFM, Subsection 4",0.0,0.0,0.0,0.0,0.0,0.0
823,"Hayward (No) 2011 CFM, Subsection 5",0.0,0.0,0.0,0.0,0.0,0.0
824,"Hayward (No) 2011 CFM, Subsection 6",0.0,0.0,0.0,0.0,0.0,0.0
825,"Hayward (No) 2011 CFM, Subsection 7",0.0,0.0,0.0,0.0,0.0,0.0
826,"Hayward (No) 2011 CFM, Subsection 8",0.0,0.0,0.0,0.0,0.0,0.0
827,"Hayward (No) 2011 CFM, Subsection 9",0.0,0.0,0.0,0.0,0.0,0.0
828,"Hayward (So) 2011 CFM, Subsection 0",4.0E-5,0.0,0.0,0.0,4.0E-5,4.0E-5
829,"Hayward (So) 2011 CFM, Subsection 1",4.0E-5,0.0,0.0,0.0,4.0E-5,4.0E-5
830,"Hayward (So) 2011 CFM, Subsection 2",4.0E-5,0.0,0.0,0.0,4.0E-5,4.0E-5
831,"Hayward (So) 2011 CFM, Subsection 3",4.0E-5,0.0,0.0,0.0,4.0E-5,4.0E-5
832,"Hayward (So) 2011 CFM, Subsection 4",0.0,0.0,0.0,0.0,0.0,0.0
833,"Hayward (So) 2011 CFM, Subsection 5",0.0,0.0,0.0,0.0,0.0,0.0
834,"Hayward (So) 2011 CFM, Subsection 6",0.0,0.0,0.0,0.0,0.0,0.0
835,"Hayward (So) 2011 CFM, Subsection 7",0.0,0.0,0.0,0.0,0.0,0.0
836,"Hayward (So) extension 2011 CFM, Subsection 0",0.0,0.0,0.0,0.0,0.0,0.0
837,"Hayward (So) extension 2011 CFM, Subsection 1",0.0,0.0,0.0,0.0,0.0,0.0
838,"Hayward (So) extension 2011 CFM, Subsection 2",0.0,0.0,0.0,0.0,0.0,0.0
839,"Hayward (So) extension 2011 CFM, Subsection 3",0.0,0.0,0.0,0.0,0.0,0.0
840,"Hayward (So) extension 2011 CFM, Subsection 4",0.0,0.0,0.0,0.0,0.0,0.0
841,"Hayward (So) extension 2011 CFM, Subsection 5",0.0,0.0,0.0,0.0,0.0,0.0
842,"Hayward (So) extension 2011 CFM, Subsection 6",0.0,0.0,0.0,0.0,0.0,0.0
843,"Hector Mine, Subsection 0",0.0,0.0,0.0,0.0,0.0,0.0
844,"Hector Mine, Subsection 1",0.0,0.0,0.0,0.0,0.0,0.0
845,"Hector Mine, Subsection 2",0.0,0.0,0.0,0.0,0.0,0.0
846,"Hector Mine, Subsection 3",0.0,0.0,0.0,0.0,0.0,0.0
847,"Helendale-So Lockhart, Subsection 0",0.0,0.0,0.0,0.0,0.0,0.0
848,"Helendale-So Lockhart, Subsection 1",0.0,0.0,0.0,0.0,0.0,0.0
849,"Helendale-So Lockhart, Subsection 2",0.0,0.0,0.0,0.0,0.0,0.0
850,"Helendale-So Lockhart, Subsection 3",0.0,0.0,0.0,0.0,0.0,0.0
851,"Helendale-So Lockhart, Subsection 4",0.0,0.0,0.0,0.0,0.0,0.0
852,"Helendale-So Lockhart, Subsection 5",0.0,0.0,0.0,0.0,0.0,0.0
853,"Helendale-So Lockhart, Subsection 6",0.0,0.0,0.0,0.0,0.0,0.0
854,"Helendale-So Lockhart, Subsection 7",0.0,0.0,0.0,0.0,0.0,0.0
855,"Helendale-So Lockhart, Subsection 8",0.0,0.0,0.0,0.0,0.0,0.0
856,"Helendale-So Lockhart, Subsection 9",0.0,0.0,0.0,0.0,0.0,0.0
857,"Helendale-So Lockhart, Subsection 10",0.0,0.0,0.0,0.0,0.0,0.0
858,"Helendale-So Lockhart, Subsection 11",0.0,0.0,0.0,0.0,0.0,0.0
859,"Helendale-So Lockhart, Subsection 12",0.0,0.0,0.0,0.0,0.0,0.0
860,"Helendale-So Lockhart, Subsection 13",0.0,0.0,0.0,0.0,0.0,0.0
861,"Helendale-So Lockhart, Subsection 14",0.0,0.0,0.0,0.0,0.0,0.0
862,"Helendale-So Lockhart, Subsection 15",0.0,0.0,0.0,0.0,0.0,0.0
863,"Helendale-So Lockhart, Subsection 16",0.0,0.0,0.0,0.0,0.0,0.0
864,"Helendale-So Lockhart, Subsection 17",0.0,0.0,0.0,0.0,0.0,0.0
865,"Hilton Creek 2011 CFM, Subsection 0",0.0,0.0,0.0,0.0,0.0,0.0
866,"Hilton Creek 2011 CFM, Subsection 1",0.0,0.0,0.0,0.0,0.0,0.0
867,"Hilton Creek 2011 CFM, Subsection 2",0.0,0.0,0.0,0.0,0.0,0.0
868,"Hilton Creek 2011 CFM, Subsection 3",0.0,0.0,0.0,0.0,0.0,0.0
869,"Hollywood, Subsection 0",4.0E-5,0.0,0.0,0.0,4.0E-5,0.0
870,"Hollywood, Subsection 1",4.0E-5,0.0,0.0,0.0,4.0E-5,0.0
871,"Hollywood, Subsection 2",4.0E-5,0.0,0.0,0.0,4.0E-5,0.0
872,"Holser alt 1, Subsection 0",0.0,0.0,0.0,0.0,0.0,0.0
873,"Holser alt 1, Subsection 1",0.0,0.0,0.0,0.0,0.0,0.0
874,"Holser alt 1, Subsection 2",0.0,0.0,0.0,0.0,0.0,0.0
875,"Homestead Valley 2011, Subsection 0",0.0,0.0,0.0,0.0,0.0,0.0
876,"Homestead Valley 2011, Subsection 1",0.0,0.0,0.0,0.0,0.0,0.0
877,"Homestead Valley 2011, Subsection 2",0.0,0.0,0.0,0.0,0.0,0.0
878,"Homestead Valley 2011, Subsection 3",0.0,0.0,0.0,0.0,0.0,0.0
879,"Homestead Valley 2011, Subsection 4",0.0,0.0,0.0,0.0,0.0,0.0
880,"Homestead Valley 2011, Subsection 5",0.0,0.0,0.0,0.0,0.0,0.0
881,"Honey Lake 2011 CFM, Subsection 0",0.0,0.0,0.0,0.0,0.0,0.0
882,"Honey Lake 2011 CFM, Subsection 1",0.0,0.0,0.0,0.0,0.0,0.0
883,"Honey Lake 2011 CFM, Subsection 2",0.0,0.0,0.0,0.0,0.0,0.0
884,"Honey Lake 2011 CFM, Subsection 3",0.0,0.0,0.0,0.0,0.0,0.0
885,"Honey Lake 2011 CFM, Subsection 4",0.0,0.0,0.0,0.0,0.0,0.0
886,"Honey Lake 2011 CFM, Subsection 5",0.0,0.0,0.0,0.0,0.0,0.0
887,"Honey Lake 2011 CFM, Subsection 6",0.0,0.0,0.0,0.0,0.0,0.0
888,"Honey Lake 2011 CFM, Subsection 7",0.0,0.0,0.0,0.0,0.0,0.0
889,"Honey Lake 2011 CFM, Subsection 8",0.0,0.0,0.0,0.0,0.0,0.0
890,"Honey Lake 2011 CFM, Subsection 9",0.0,0.0,0.0,0.0,0.0,0.0
891,"Honey Lake 2011 CFM, Subsection 10",0.0,0.0,0.0,0.0,0.0,0.0
892,"Honey Lake 2011 CFM, Subsection 11",0.0,0.0,0.0,0.0,0.0,0.0
893,"Honey Lake 2011 CFM, Subsection 12",0.0,0.0,0.0,0.0,0.0,0.0
894,"Honey Lake 2011 CFM, Subsection 13",0.0,0.0,0.0,0.0,0.0,0.0
895,"Honey Lake 2011 CFM, Subsection 14",0.0,0.0,0.0,0.0,0.0,0.0
896,"Hosgri, Subsection 0",0.0,0.0,0.0,0.0,0.0,0.0
897,"Hosgri, Subsection 1",0.0,0.0,0.0,0.0,0.0,0.0
898,"Hosgri, Subsection 2",0.0,0.0,0.0,0.0,0.0,0.0
899,"Hosgri, Subsection 3",0.0,0.0,0.0,0.0,0.0,0.0
900,"Hosgri, Subsection 4",0.0,0.0,0.0,0.0,0.0,0.0
901,"Hosgri, Subsection 5",0.0,0.0,0.0,0.0,0.0,0.0
902,"Hosgri, Subsection 6",0.0,0.0,0.0,0.0,0.0,0.0
903,"Hosgri, Subsection 7",0.0,0.0,0.0,0.0,0.0,0.0
904,"Hosgri, Subsection 8",0.0,0.0,0.0,0.0,0.0,0.0
905,"Hosgri, Subsection 9",4.0E-5,0.0,0.0,0.0,4.0E-5,0.0
906,"Hosgri, Subsection 10",4.0E-5,0.0,0.0,0.0,4.0E-5,0.0
907,"Hosgri, Subsection 11",4.0E-5,0.0,0.0,0.0,4.0E-5,0.0
908,"Hosgri, Subsection 12",4.0E-5,0.0,0.0,0.0,4.0E-5,0.0
909,"Hosgri, Subsection 13",4.0E-5,0.0,0.0,0.0,4.0E-5,0.0
910,"Hosgri, Subsection 14",4.0E-5,0.0,0.0,0.0,4.0E-5,0.0
911,"Hosgri, Subsection 15",4.0E-5,0.0,0.0,0.0,4.0E-5,0.0
912,"Hosgri, Subsection 16",4.0E-5,0.0,0.0,0.0,4.0E-5,0.0
913,"Hosgri, Subsection 17",4.0E-5,0.0,0.0,0.0,4.0E-5,0.0
914,"Hosgri, Subsection 18",4.0E-5,0.0,0.0,0.0,4.0E-5,0.0
915,"Hosgri, Subsection 19",4.0E-5,0.0,0.0,0.0,4.0E-5,0.0
916,"Hosgri, Subsection 20",4.0E-5,0.0,0.0,0.0,4.0E-5,0.0
917,"Hosgri, Subsection 21",4.0E-5,0.0,0.0,0.0,4.0E-5,0.0
918,"Hosgri, Subsection 22",4.0E-5,0.0,0.0,0.0,4.0E-5,0.0
919,"Hosgri, Subsection 23",4.0E-5,0.0,0.0,0.0,4.0E-5,0.0
920,"Hosgri, Subsection 24",4.0E-5,0.0,0.0,0.0,4.0E-5,0.0
921,"Hosgri, Subsection 25",4.0E-5,0.0,0.0,0.0,4.0E-5,0.0
922,"Hosgri, Subsection 26",4.0E-5,0.0,0.0,0.0,4.0E-5,0.0
923,"Hosgri, Subsection 27",4.0E-5,0.0,0.0,0.0,4.0E-5,0.0
924,"Hosgri (Extension), Subsection 0",0.0,0.0,0.0,0.0,0.0,0.0
925,"Hosgri (Extension), Subsection 1",0.0,0.0,0.0,0.0,0.0,0.0
926,"Hosgri (Extension), Subsection 2",0.0,0.0,0.0,0.0,0.0,0.0
927,"Hosgri (Extension), Subsection 3",0.0,0.0,0.0,0.0,0.0,0.0
928,"Hosgri (Extension), Subsection 4",0.0,0.0,0.0,0.0,0.0,0.0
929,"Hosgri (Extension), Subsection 5",0.0,0.0,0.0,0.0,0.0,0.0
930,"Hosgri (Extension), Subsection 6",0.0,0.0,0.0,0.0,0.0,0.0
931,"Hosgri (Extension), Subsection 7",0.0,0.0,0.0,0.0,0.0,0.0
932,"Hunter Mountain-Saline Valley, Subsection 0",4.0E-5,4.0E-5,4.0E-5,4.0E-5,4.0E-5,4.0E-5
933,"Hunter Mountain-Saline Valley, Subsection 1",4.0E-5,4.0E-5,4.0E-5,4.0E-5,4.0E-5,4.0E-5
934,"Hunter Mountain-Saline Valley, Subsection 2",4.0E-5,4.0E-5,4.0E-5,4.0E-5,4.0E-5,4.0E-5
935,"Hunter Mountain-Saline Valley, Subsection 3",4.0E-5,4.0E-5,4.0E-5,4.0E-5,4.0E-5,4.0E-5
936,"Hunter Mountain-Saline Valley, Subsection 4",4.0E-5,4.0E-5,4.0E-5,4.0E-5,4.0E-5,4.0E-5
937,"Hunter Mountain-Saline Valley, Subsection 5",0.0,0.0,0.0,0.0,0.0,0.0
938,"Hunter Mountain-Saline Valley, Subsection 6",0.0,0.0,0.0,0.0,0.0,0.0
939,"Hunter Mountain-Saline Valley, Subsection 7",0.0,0.0,0.0,0.0,0.0,0.0
940,"Hunter Mountain-Saline Valley, Subsection 8",0.0,0.0,0.0,0.0,0.0,0.0
941,"Hunter Mountain-Saline Valley, Subsection 9",0.0,0.0,0.0,0.0,0.0,0.0
942,"Hunter Mountain-Saline Valley, Subsection 10",0.0,0.0,0.0,0.0,0.0,0.0
943,"Hunter Mountain-Saline Valley, Subsection 11",0.0,0.0,0.0,0.0,0.0,0.0
944,"Hunter Mountain-Saline Valley, Subsection 12",0.0,0.0,0.0,0.0,0.0,0.0
945,"Hunting Creek - Bartlett Springs connector 2011, Subsection 0",0.0,0.0,0.0,0.0,0.0,0.0
946,"Hunting Creek - Bartlett Springs connector 2011, Subsection 1",0.0,0.0,0.0,0.0,0.0,0.0
947,"Hunting Creek - Bartlett Springs connector 2011, Subsection 2",0.0,0.0,0.0,0.0,0.0,0.0
948,"Hunting Creek - Bartlett Springs connector 2011, Subsection 3",0.0,0.0,0.0,0.0,0.0,0.0
949,"Hunting Creek - Bartlett Springs connector 2011, Subsection 4",0.0,0.0,0.0,0.0,0.0,0.0
950,"Hunting Creek - Bartlett Springs connector 2011, Subsection 5",0.0,0.0,0.0,0.0,0.0,0.0
951,"Hunting Creek - Bartlett Springs connector 2011, Subsection 6",0.0,0.0,0.0,0.0,0.0,0.0
952,"Hunting Creek - Berryessa 2011 CFM, Subsection 0",0.0,0.0,0.0,0.0,0.0,0.0
953,"Hunting Creek - Berryessa 2011 CFM, Subsection 1",0.0,0.0,0.0,0.0,0.0,0.0
954,"Hunting Creek - Berryessa 2011 CFM, Subsection 2",0.0,0.0,0.0,0.0,0.0,0.0
955,"Hunting Creek - Berryessa 2011 CFM, Subsection 3",0.0,0.0,0.0,0.0,0.0,0.0
956,"Hunting Creek - Berryessa 2011 CFM, Subsection 4",0.0,0.0,0.0,0.0,0.0,0.0
957,"Hunting Creek - Berryessa 2011 CFM, Subsection 5",0.0,0.0,0.0,0.0,0.0,0.0
958,"Hunting Creek - Berryessa 2011 CFM, Subsection 6",0.0,0.0,0.0,0.0,0.0,0.0
959,"Hunting Creek - Berryessa 2011 CFM, Subsection 7",0.0,0.0,0.0,0.0,0.0,0.0
960,"Hunting Creek - Berryessa 2011 CFM, Subsection 8",0.0,0.0,0.0,0.0,0.0,0.0
961,"Imperial, Subsection 0",0.0,0.0,0.0,0.0,0.0,0.0
962,"Imperial, Subsection 1",1.6E-4,4.0E-5,1.2E-4,1.6E-4,1.6E-4,0.0
963,"Imperial, Subsection 2",2.4E-4,4.0E-5,1.6E-4,2.0E-4,2.4E-4,4.0E-5
964,"Imperial, Subsection 3",3.6E-4,1.2E-4,2.8E-4,3.2E-4,3.6E-4,4.0E-5
965,"Imperial, Subsection 4",4.4E-4,1.6E-4,3.6E-4,4.0E-4,4.4E-4,8.0E-5
966,"Imperial, Subsection 5",4.4E-4,1.6E-4,3.6E-4,4.0E-4,4.4E-4,8.0E-5
967,"Imperial, Subsection 6",5.2E-4,1.6E-4,4.4E-4,4.8E-4,5.2E-4,1.6E-4
968,"Imperial, Subsection 7",6.4E-4,2.0E-4,4.8E-4,5.2E-4,6.4E-4,1.6E-4
969,"Imperial, Subsection 8",6.8E-4,2.0E-4,4.8E-4,5.2E-4,6.8E-4,1.6E-4
970,"Imperial, Subsection 9",7.6E-4,2.8E-4,5.6E-4,6.0E-4,7.6E-4,2.0E-4
971,"Imperial, Subsection 10",8.0E-4,2.8E-4,5.6E-4,6.0E-4,8.0E-4,2.0E-4
972,"Imperial, Subsection 11",8.0E-4,2.8E-4,5.6E-4,6.0E-4,8.0E-4,2.0E-4
973,"Incline Village 2011 CFM, Subsection 0",0.0,0.0,0.0,0.0,0.0,0.0
974,"Incline Village 2011 CFM, Subsection 1",0.0,0.0,0.0,0.0,0.0,0.0
975,"Incline Village 2011 CFM, Subsection 2",0.0,0.0,0.0,0.0,0.0,0.0
976,"Independence rev 2011, Subsection 0",0.0,0.0,0.0,0.0,0.0,0.0
977,"Independence rev 2011, Subsection 1",0.0,0.0,0.0,0.0,0.0,0.0
978,"Independence rev 2011, Subsection 2",0.0,0.0,0.0,0.0,0.0,0.0
979,"Independence rev 2011, Subsection 3",0.0,0.0,0.0,0.0,0.0,0.0
980,"Independence rev 2011, Subsection 4",0.0,0.0,0.0,0.0,0.0,0.0
981,"Independence rev 2011, Subsection 5",0.0,0.0,0.0,0.0,0.0,0.0
982,"Independence rev 2011, Subsection 6",0.0,0.0,0.0,0.0,0.0,0.0
983,"Independence rev 2011, Subsection 7",0.0,0.0,0.0,0.0,0.0,0.0
984,"Jess Valley, Subsection 0",0.0,0.0,0.0,0.0,0.0,0.0
985,"Jess Valley, Subsection 1",0.0,0.0,0.0,0.0,0.0,0.0
986,"Jess Valley, Subsection 2",0.0,0.0,0.0,0.0,0.0,0.0
987,"Jess Valley, Subsection 3",0.0,0.0,0.0,0.0,0.0,0.0
988,"Jess Valley, Subsection 4",0.0,0.0,0.0,0.0,0.0,0.0
989,"Johnson Valley (No) 2011 rev, Subsection 0",0.0,0.0,0.0,0.0,0.0,0.0
990,"Johnson Valley (No) 2011 rev, Subsection 1",0.0,0.0,0.0,0.0,0.0,0.0
991,"Johnson Valley (No) 2011 rev, Subsection 2",0.0,0.0,0.0,0.0,0.0,0.0
992,"Johnson Valley (No) 2011 rev, Subsection 3",0.0,0.0,0.0,0.0,0.0,0.0
993,"Johnson Valley (No) 2011 rev, Subsection 4",0.0,0.0,0.0,0.0,0.0,0.0
994,"Johnson Valley (No) 2011 rev, Subsection 5",0.0,0.0,0.0,0.0,0.0,0.0
995,"Johnson Valley (No) 2011 rev, Subsection 6",0.0,0.0,0.0,0.0,0.0,0.0
996,"Joshua Tree (Seismicity), Subsection 0",0.0,0.0,0.0,0.0,0.0,0.0
997,"Joshua Tree (Seismicity), Subsection 1",0.0,0.0,0.0,0.0,0.0,0.0
998,"Joshua Tree (Seismicity), Subsection 2",0.0,0.0,0.0,0.0,0.0,0.0
999,"Keddie Ridge 2011 CFM, Subsection 0",0.0,0.0,0.0,0.0,0.0,0.0
1000,"Keddie Ridge 2011 CFM, Subsection 1",0.0,0.0,0.0,0.0,0.0,0.0
1001,"Keddie Ridge 2011 CFM, Subsection 2",0.0,0.0,0.0,0.0,0.0,0.0
1002,"Keddie Ridge 2011 CFM, Subsection 3",0.0,0.0,0.0,0.0,0.0,0.0
1003,"Keddie Ridge 2011 CFM, Subsection 4",0.0,0.0,0.0,0.0,0.0,0.0
1004,"Keddie Ridge 2011 CFM, Subsection 5",0.0,0.0,0.0,0.0,0.0,0.0
1005,"Keddie Ridge 2011 CFM, Subsection 6",0.0,0.0,0.0,0.0,0.0,0.0
1006,"Kern Canyon (Lake Isabella) 2011, Subsection 0",0.0,0.0,0.0,0.0,0.0,0.0
1007,"Kern Canyon (Lake Isabella) 2011, Subsection 1",0.0,0.0,0.0,0.0,0.0,0.0
1008,"Kern Canyon (Lake Isabella) 2011, Subsection 2",0.0,0.0,0.0,0.0,0.0,0.0
1009,"Kern Canyon (Lake Isabella) 2011, Subsection 3",0.0,0.0,0.0,0.0,0.0,0.0
1010,"Kern Canyon (Lake Isabella) 2011, Subsection 4",0.0,0.0,0.0,0.0,0.0,0.0
1011,"Kern Canyon (North Kern) 2011, Subsection 0",0.0,0.0,0.0,0.0,0.0,0.0
1012,"Kern Canyon (North Kern) 2011, Subsection 1",0.0,0.0,0.0,0.0,0.0,0.0
1013,"Kern Canyon (North Kern) 2011, Subsection 2",0.0,0.0,0.0,0.0,0.0,0.0
1014,"Kern Canyon (North Kern) 2011, Subsection 3",0.0,0.0,0.0,0.0,0.0,0.0
1015,"Kern Canyon (North Kern) 2011, Subsection 4",0.0,0.0,0.0,0.0,0.0,0.0
1016,"Kern Canyon (North Kern) 2011, Subsection 5",0.0,0.0,0.0,0.0,0.0,0.0
1017,"Kern Canyon (North Kern) 2011, Subsection 6",0.0,0.0,0.0,0.0,0.0,0.0
1018,"Kern Canyon (South Kern) 2011, Subsection 0",0.0,0.0,0.0,0.0,0.0,0.0
1019,"Kern Canyon (South Kern) 2011, Subsection 1",0.0,0.0,0.0,0.0,0.0,0.0
1020,"Kern Canyon (South Kern) 2011, Subsection 2",0.0,0.0,0.0,0.0,0.0,0.0
1021,"Kern Canyon (South Kern) 2011, Subsection 3",0.0,0.0,0.0,0.0,0.0,0.0
1022,"Kern Canyon (South Kern) 2011, Subsection 4",0.0,0.0,0.0,0.0,0.0,0.0
1023,"Kern Canyon (South Kern) 2011, Subsection 5",0.0,0.0,0.0,0.0,0.0,0.0
1024,"Kickapoo, Subsection 0",0.0,0.0,0.0,0.0,0.0,0.0
1025,"Kickapoo, Subsection 1",0.0,0.0,0.0,0.0,0.0,0.0
1026,"King Range 2011 CFM, Subsection 0",0.0,0.0,0.0,0.0,0.0,0.0
1027,"King Range 2011 CFM, Subsection 1",0.0,0.0,0.0,0.0,0.0,0.0
1028,"King Range 2011 CFM, Subsection 2",0.0,0.0,0.0,0.0,0.0,0.0
1029,"King Range 2011 CFM, Subsection 3",0.0,0.0,0.0,0.0,0.0,0.0
1030,"King Range 2011 CFM, Subsection 4",0.0,0.0,0.0,0.0,0.0,0.0
1031,"King Range 2011 CFM, Subsection 5",0.0,0.0,0.0,0.0,0.0,0.0
1032,"King Range 2011 CFM, Subsection 6",0.0,0.0,0.0,0.0,0.0,0.0
1033,"La Panza 2011, Subsection 0",0.0,0.0,0.0,0.0,0.0,0.0
1034,"La Panza 2011, Subsection 1",0.0,0.0,0.0,0.0,0.0,0.0
1035,"La Panza 2011, Subsection 2",0.0,0.0,0.0,0.0,0.0,0.0
1036,"La Panza 2011, Subsection 3",0.0,0.0,0.0,0.0,0.0,0.0
1037,"La Panza 2011, Subsection 4",0.0,0.0,0.0,0.0,0.0,0.0
1038,"La Panza 2011, Subsection 5",0.0,0.0,0.0,0.0,0.0,0.0
1039,"La Panza 2011, Subsection 6",0.0,0.0,0.0,0.0,0.0,0.0
1040,"La Panza 2011, Subsection 7",0.0,0.0,0.0,0.0,0.0,0.0
1041,"La Panza 2011, Subsection 8",0.0,0.0,0.0,0.0,0.0,0.0
1042,"Laguna Salada, Subsection 0",0.0,0.0,0.0,0.0,0.0,0.0
1043,"Laguna Salada, Subsection 1",0.0,0.0,0.0,0.0,0.0,0.0
1044,"Laguna Salada, Subsection 2",0.0,0.0,0.0,0.0,0.0,0.0
1045,"Laguna Salada, Subsection 3",0.0,0.0,0.0,0.0,0.0,0.0
1046,"Laguna Salada, Subsection 4",0.0,0.0,0.0,0.0,0.0,0.0
1047,"Laguna Salada, Subsection 5",0.0,0.0,0.0,0.0,0.0,0.0
1048,"Laguna Salada, Subsection 6",0.0,0.0,0.0,0.0,0.0,0.0
1049,"Laguna Salada, Subsection 7",0.0,0.0,0.0,0.0,0.0,0.0
1050,"Laguna Salada, Subsection 8",0.0,0.0,0.0,0.0,0.0,0.0
1051,"Laguna Salada, Subsection 9",0.0,0.0,0.0,0.0,0.0,0.0
1052,"Laguna Salada, Subsection 10",0.0,0.0,0.0,0.0,0.0,0.0
1053,"Laguna Salada, Subsection 11",0.0,0.0,0.0,0.0,0.0,0.0
1054,"Laguna Salada, Subsection 12",0.0,0.0,0.0,0.0,0.0,0.0
1055,"Laguna Salada, Subsection 13",0.0,0.0,0.0,0.0,0.0,0.0
1056,"Laguna Salada, Subsection 14",0.0,0.0,0.0,0.0,0.0,0.0
1057,"Lake Isabella (Seismicity), Subsection 0",0.0,0.0,0.0,0.0,0.0,0.0
1058,"Lake Isabella (Seismicity), Subsection 1",0.0,0.0,0.0,0.0,0.0,0.0
1059,"Lake Isabella (Seismicity), Subsection 2",0.0,0.0,0.0,0.0,0.0,0.0
1060,"Lake Isabella (Seismicity), Subsection 3",0.0,0.0,0.0,0.0,0.0,0.0
1061,"Lake Isabella (Seismicity), Subsection 4",0.0,0.0,0.0,0.0,0.0,0.0
1062,"Lake Isabella (Seismicity), Subsection 5",0.0,0.0,0.0,0.0,0.0,0.0
1063,"Lake Isabella (Seismicity), Subsection 6",0.0,0.0,0.0,0.0,0.0,0.0
1064,"Lake Isabella (Seismicity), Subsection 7",0.0,0.0,0.0,0.0,0.0,0.0
1065,"Las Positas, Subsection 0",0.0,0.0,0.0,0.0,0.0,0.0
1066,"Las Positas, Subsection 1",0.0,0.0,0.0,0.0,0.0,0.0
1067,"Last Chance, Subsection 0",0.0,0.0,0.0,0.0,0.0,0.0
1068,"Last Chance, Subsection 1",0.0,0.0,0.0,0.0,0.0,0.0
1069,"Last Chance, Subsection 2",0.0,0.0,0.0,0.0,0.0,0.0
1070,"Last Chance, Subsection 3",0.0,0.0,0.0,0.0,0.0,0.0
1071,"Lenwood-Lockhart-Old Woman Springs, Subsection 0",0.0,0.0,0.0,0.0,0.0,0.0
1072,"Lenwood-Lockhart-Old Woman Springs, Subsection 1",0.0,0.0,0.0,0.0,0.0,0.0
1073,"Lenwood-Lockhart-Old Woman Springs, Subsection 2",0.0,0.0,0.0,0.0,0.0,0.0
1074,"Lenwood-Lockhart-Old Woman Springs, Subsection 3",0.0,0.0,0.0,0.0,0.0,0.0
1075,"Lenwood-Lockhart-Old Woman Springs, Subsection 4",0.0,0.0,0.0,0.0,0.0,0.0
1076,"Lenwood-Lockhart-Old Woman Springs, Subsection 5",0.0,0.0,0.0,0.0,0.0,0.0
1077,"Lenwood-Lockhart-Old Woman Springs, Subsection 6",0.0,0.0,0.0,0.0,0.0,0.0
1078,"Lenwood-Lockhart-Old Woman Springs, Subsection 7",0.0,0.0,0.0,0.0,0.0,0.0
1079,"Lenwood-Lockhart-Old Woman Springs, Subsection 8",0.0,0.0,0.0,0.0,0.0,0.0
1080,"Lenwood-Lockhart-Old Woman Springs, Subsection 9",0.0,0.0,0.0,0.0,0.0,0.0
1081,"Lenwood-Lockhart-Old Woman Springs, Subsection 10",0.0,0.0,0.0,0.0,0.0,0.0
1082,"Lenwood-Lockhart-Old Woman Springs, Subsection 11",0.0,0.0,0.0,0.0,0.0,0.0
1083,"Lenwood-Lockhart-Old Woman Springs, Subsection 12",0.0,0.0,0.0,0.0,0.0,0.0
1084,"Lenwood-Lockhart-Old Woman Springs, Subsection 13",0.0,0.0,0.0,0.0,0.0,0.0
1085,"Lenwood-Lockhart-Old Woman Springs, Subsection 14",0.0,0.0,0.0,0.0,0.0,0.0
1086,"Lenwood-Lockhart-Old Woman Springs, Subsection 15",0.0,0.0,0.0,0.0,0.0,0.0
1087,"Lenwood-Lockhart-Old Woman Springs, Subsection 16",0.0,0.0,0.0,0.0,0.0,0.0
1088,"Lenwood-Lockhart-Old Woman Springs, Subsection 17",0.0,0.0,0.0,0.0,0.0,0.0
1089,"Lenwood-Lockhart-Old Woman Springs, Subsection 18",0.0,0.0,0.0,0.0,0.0,0.0
1090,"Lenwood-Lockhart-Old Woman Springs, Subsection 19",0.0,0.0,0.0,0.0,0.0,0.0
1091,"Lenwood-Lockhart-Old Woman Springs, Subsection 20",0.0,0.0,0.0,0.0,0.0,0.0
1092,"Lenwood-Lockhart-Old Woman Springs, Subsection 21",0.0,0.0,0.0,0.0,0.0,0.0
1093,"Lenwood-Lockhart-Old Woman Springs, Subsection 22",0.0,0.0,0.0,0.0,0.0,0.0
1094,"Likely 2011 CFM, Subsection 0",0.0,0.0,0.0,0.0,0.0,0.0
1095,"Likely 2011 CFM, Subsection 1",0.0,0.0,0.0,0.0,0.0,0.0
1096,"Likely 2011 CFM, Subsection 2",0.0,0.0,0.0,0.0,0.0,0.0
1097,"Likely 2011 CFM, Subsection 3",0.0,0.0,0.0,0.0,0.0,0.0
1098,"Likely 2011 CFM, Subsection 4",0.0,0.0,0.0,0.0,0.0,0.0
1099,"Likely 2011 CFM, Subsection 5",0.0,0.0,0.0,0.0,0.0,0.0
1100,"Likely 2011 CFM, Subsection 6",0.0,0.0,0.0,0.0,0.0,0.0
1101,"Likely 2011 CFM, Subsection 7",0.0,0.0,0.0,0.0,0.0,0.0
1102,"Likely 2011 CFM, Subsection 8",0.0,0.0,0.0,0.0,0.0,0.0
1103,"Likely 2011 CFM, Subsection 9",0.0,0.0,0.0,0.0,0.0,0.0
1104,"Likely 2011 CFM, Subsection 10",0.0,0.0,0.0,0.0,0.0,0.0
1105,"Likely 2011 CFM, Subsection 11",0.0,0.0,0.0,0.0,0.0,0.0
1106,"Likely 2011 CFM, Subsection 12",0.0,0.0,0.0,0.0,0.0,0.0
1107,"Likely 2011 CFM, Subsection 13",0.0,0.0,0.0,0.0,0.0,0.0
1108,"Likely 2011 CFM, Subsection 14",0.0,0.0,0.0,0.0,0.0,0.0
1109,"Likely 2011 CFM, Subsection 15",0.0,0.0,0.0,0.0,0.0,0.0
1110,"Likely 2011 CFM, Subsection 16",0.0,0.0,0.0,0.0,0.0,0.0
1111,"Likely 2011 CFM, Subsection 17",0.0,0.0,0.0,0.0,0.0,0.0
1112,"Likely 2011 CFM, Subsection 18",0.0,0.0,0.0,0.0,0.0,0.0
1113,"Likely 2011 CFM, Subsection 19",0.0,0.0,0.0,0.0,0.0,0.0
1114,"Lions Head 2011 CFM, Subsection 0",0.0,0.0,0.0,0.0,0.0,0.0
1115,"Lions Head 2011 CFM, Subsection 1",0.0,0.0,0.0,0.0,0.0,0.0
1116,"Lions Head 2011 CFM, Subsection 2",0.0,0.0,0.0,0.0,0.0,0.0
1117,"Lions Head 2011 CFM, Subsection 3",0.0,0.0,0.0,0.0,0.0,0.0
1118,"Lions Head 2011 CFM, Subsection 4",0.0,0.0,0.0,0.0,0.0,0.0
1119,"Lions Head 2011 CFM, Subsection 5",0.0,0.0,0.0,0.0,0.0,0.0
1120,"Lions Head 2011 CFM, Subsection 6",0.0,0.0,0.0,0.0,0.0,0.0
1121,"Lions Head 2011 CFM, Subsection 7",0.0,0.0,0.0,0.0,0.0,0.0
1122,"Lions Head 2011 CFM, Subsection 8",0.0,0.0,0.0,0.0,0.0,0.0
1123,"Lions Head 2011 CFM, Subsection 9",0.0,0.0,0.0,0.0,0.0,0.0
1124,"Lions Head 2011 CFM, Subsection 10",0.0,0.0,0.0,0.0,0.0,0.0
1125,"Little Lake, Subsection 0",0.0,0.0,0.0,0.0,0.0,0.0
1126,"Little Lake, Subsection 1",0.0,0.0,0.0,0.0,0.0,0.0
1127,"Little Lake, Subsection 2",0.0,0.0,0.0,0.0,0.0,0.0
1128,"Little Lake, Subsection 3",0.0,0.0,0.0,0.0,0.0,0.0
1129,"Little Lake, Subsection 4",0.0,0.0,0.0,0.0,0.0,0.0
1130,"Little Lake, Subsection 5",0.0,0.0,0.0,0.0,0.0,0.0
1131,"Little Lake, Subsection 6",0.0,0.0,0.0,0.0,0.0,0.0
1132,"Little Salmon (Offshore), Subsection 0",0.0,0.0,0.0,0.0,0.0,0.0
1133,"Little Salmon (Offshore), Subsection 1",0.0,0.0,0.0,0.0,0.0,0.0
1134,"Little Salmon (Offshore), Subsection 2",0.0,0.0,0.0,0.0,0.0,0.0
1135,"Little Salmon (Offshore), Subsection 3",0.0,0.0,0.0,0.0,0.0,0.0
1136,"Little Salmon (Onshore), Subsection 0",0.0,0.0,0.0,0.0,0.0,0.0
1137,"Little Salmon (Onshore), Subsection 1",0.0,0.0,0.0,0.0,0.0,0.0
1138,"Little Salmon (Onshore), Subsection 2",0.0,0.0,0.0,0.0,0.0,0.0
1139,"Los Alamos 2011 CFM, Subsection 0",0.0,0.0,0.0,0.0,0.0,0.0
1140,"Los Alamos 2011 CFM, Subsection 1",0.0,0.0,0.0,0.0,0.0,0.0
1141,"Los Alamos 2011 CFM, Subsection 2",0.0,0.0,0.0,0.0,0.0,0.0
1142,"Los Alamos extension, Subsection 0",4.0E-5,0.0,0.0,0.0,4.0E-5,0.0
1143,"Los Alamos extension, Subsection 1",4.0E-5,0.0,0.0,0.0,4.0E-5,0.0
1144,"Los Medanos - Roe Island, Subsection 0",0.0,0.0,0.0,0.0,0.0,0.0
1145,"Los Medanos - Roe Island, Subsection 1",0.0,0.0,0.0,0.0,0.0,0.0
1146,"Los Osos 2011, Subsection 0",4.0E-5,0.0,0.0,0.0,4.0E-5,0.0
1147,"Los Osos 2011, Subsection 1",4.0E-5,0.0,0.0,0.0,4.0E-5,0.0
1148,"Los Osos 2011, Subsection 2",4.0E-5,0.0,0.0,0.0,4.0E-5,0.0
1149,"Los Osos 2011, Subsection 3",4.0E-5,0.0,0.0,0.0,4.0E-5,0.0
1150,"Los Osos 2011, Subsection 4",4.0E-5,0.0,0.0,0.0,4.0E-5,0.0
1151,"Los Osos 2011, Subsection 5",4.0E-5,0.0,0.0,0.0,4.0E-5,0.0
1152,"Los Osos 2011, Subsection 6",4.0E-5,0.0,0.0,0.0,4.0E-5,0.0
1153,"Lost Hills, Subsection 0",0.0,0.0,0.0,0.0,0.0,0.0
1154,"Lost Hills, Subsection 1",0.0,0.0,0.0,0.0,0.0,0.0
1155,"Lost Hills, Subsection 2",0.0,0.0,0.0,0.0,0.0,0.0
1156,"Lost Hills, Subsection 3",0.0,0.0,0.0,0.0,0.0,0.0
1157,"Lost Hills, Subsection 4",0.0,0.0,0.0,0.0,0.0,0.0
1158,"Ludlow, Subsection 0",0.0,0.0,0.0,0.0,0.0,0.0
1159,"Ludlow, Subsection 1",0.0,0.0,0.0,0.0,0.0,0.0
1160,"Ludlow, Subsection 2",0.0,0.0,0.0,0.0,0.0,0.0
1161,"Ludlow, Subsection 3",0.0,0.0,0.0,0.0,0.0,0.0
1162,"Ludlow, Subsection 4",0.0,0.0,0.0,0.0,0.0,0.0
1163,"Ludlow, Subsection 5",0.0,0.0,0.0,0.0,0.0,0.0
1164,"Ludlow, Subsection 6",0.0,0.0,0.0,0.0,0.0,0.0
1165,"Ludlow, Subsection 7",0.0,0.0,0.0,0.0,0.0,0.0
1166,"Ludlow, Subsection 8",0.0,0.0,0.0,0.0,0.0,0.0
1167,"Ludlow, Subsection 9",0.0,0.0,0.0,0.0,0.0,0.0
1168,"Ludlow, Subsection 10",0.0,0.0,0.0,0.0,0.0,0.0
1169,"Ludlow, Subsection 11",0.0,0.0,0.0,0.0,0.0,0.0
1170,"Ludlow, Subsection 12",0.0,0.0,0.0,0.0,0.0,0.0
1171,"Maacama 2011 CFM, Subsection 0",0.0,0.0,0.0,0.0,0.0,0.0
1172,"Maacama 2011 CFM, Subsection 1",0.0,0.0,0.0,0.0,0.0,0.0
1173,"Maacama 2011 CFM, Subsection 2",0.0,0.0,0.0,0.0,0.0,0.0
1174,"Maacama 2011 CFM, Subsection 3",0.0,0.0,0.0,0.0,0.0,0.0
1175,"Maacama 2011 CFM, Subsection 4",0.0,0.0,0.0,0.0,0.0,0.0
1176,"Maacama 2011 CFM, Subsection 5",0.0,0.0,0.0,0.0,0.0,0.0
1177,"Maacama 2011 CFM, Subsection 6",0.0,0.0,0.0,0.0,0.0,0.0
1178,"Maacama 2011 CFM, Subsection 7",0.0,0.0,0.0,0.0,0.0,0.0
1179,"Maacama 2011 CFM, Subsection 8",0.0,0.0,0.0,0.0,0.0,0.0
1180,"Maacama 2011 CFM, Subsection 9",0.0,0.0,0.0,0.0,0.0,0.0
1181,"Maacama 2011 CFM, Subsection 10",0.0,0.0,0.0,0.0,0.0,0.0
1182,"Maacama 2011 CFM, Subsection 11",0.0,0.0,0.0,0.0,0.0,0.0
1183,"Maacama 2011 CFM, Subsection 12",0.0,0.0,0.0,0.0,0.0,0.0
1184,"Maacama 2011 CFM, Subsection 13",0.0,0.0,0.0,0.0,0.0,0.0
1185,"Maacama 2011 CFM, Subsection 14",0.0,0.0,0.0,0.0,0.0,0.0
1186,"Maacama 2011 CFM, Subsection 15",0.0,0.0,0.0,0.0,0.0,0.0
1187,"Maacama 2011 CFM, Subsection 16",0.0,0.0,0.0,0.0,0.0,0.0
1188,"Maacama 2011 CFM, Subsection 17",0.0,0.0,0.0,0.0,0.0,0.0
1189,"Maacama 2011 CFM, Subsection 18",0.0,0.0,0.0,0.0,0.0,0.0
1190,"Maacama 2011 CFM, Subsection 19",0.0,0.0,0.0,0.0,0.0,0.0
1191,"Maacama 2011 CFM, Subsection 20",0.0,0.0,0.0,0.0,0.0,0.0
1192,"Maacama 2011 CFM, Subsection 21",0.0,0.0,0.0,0.0,0.0,0.0
1193,"Maacama 2011 CFM, Subsection 22",0.0,0.0,0.0,0.0,0.0,0.0
1194,"Maacama 2011 CFM, Subsection 23",0.0,0.0,0.0,0.0,0.0,0.0
1195,"Maacama 2011 CFM, Subsection 24",0.0,0.0,0.0,0.0,0.0,0.0
1196,"Maacama 2011 CFM, Subsection 25",0.0,0.0,0.0,0.0,0.0,0.0
1197,"Maacama 2011 CFM, Subsection 26",0.0,0.0,0.0,0.0,0.0,0.0
1198,"Maacama 2011 CFM, Subsection 27",0.0,0.0,0.0,0.0,0.0,0.0
1199,"Maacama 2011 CFM, Subsection 28",0.0,0.0,0.0,0.0,0.0,0.0
1200,"Mad River (alt1), Subsection 0",0.0,0.0,0.0,0.0,0.0,0.0
1201,"Mad River (alt1), Subsection 1",0.0,0.0,0.0,0.0,0.0,0.0
1202,"Mad River (alt1), Subsection 2",0.0,0.0,0.0,0.0,0.0,0.0
1203,"Mad River (alt1), Subsection 3",0.0,0.0,0.0,0.0,0.0,0.0
1204,"Malibu Coast (Extension) alt 1, Subsection 0",0.0,0.0,0.0,0.0,0.0,0.0
1205,"Malibu Coast (Extension) alt 1, Subsection 1",0.0,0.0,0.0,0.0,0.0,0.0
1206,"Malibu Coast (Extension) alt 1, Subsection 2",0.0,0.0,0.0,0.0,0.0,0.0
1207,"Malibu Coast (Extension) alt 1, Subsection 3",0.0,0.0,0.0,0.0,0.0,0.0
1208,"Malibu Coast (Extension) alt 1, Subsection 4",0.0,0.0,0.0,0.0,0.0,0.0
1209,"Malibu Coast (Extension) alt 1, Subsection 5",0.0,0.0,0.0,0.0,0.0,0.0
1210,"Malibu Coast (Extension) alt 1, Subsection 6",0.0,0.0,0.0,0.0,0.0,0.0
1211,"Malibu Coast (Extension) alt 1, Subsection 7",0.0,0.0,0.0,0.0,0.0,0.0
1212,"Malibu Coast (Extension) alt 1, Subsection 8",0.0,0.0,0.0,0.0,0.0,0.0
1213,"Malibu Coast alt 1, Subsection 0",0.0,0.0,0.0,0.0,0.0,0.0
1214,"Malibu Coast alt 1, Subsection 1",0.0,0.0,0.0,0.0,0.0,0.0
1215,"Malibu Coast alt 1, Subsection 2",0.0,0.0,0.0,0.0,0.0,0.0
1216,"Malibu Coast alt 1, Subsection 3",0.0,0.0,0.0,0.0,0.0,0.0
1217,"Malibu Coast alt 1, Subsection 4",0.0,0.0,0.0,0.0,0.0,0.0
1218,"Malibu Coast alt 1, Subsection 5",0.0,0.0,0.0,0.0,0.0,0.0
1219,"Malibu Coast alt 1, Subsection 6",0.0,0.0,0.0,0.0,0.0,0.0
1220,"Malibu Coast alt 1, Subsection 7",0.0,0.0,0.0,0.0,0.0,0.0
1221,"Malibu Coast alt 1, Subsection 8",0.0,0.0,0.0,0.0,0.0,0.0
1222,"Malibu Coast alt 1, Subsection 9",0.0,0.0,0.0,0.0,0.0,0.0
1223,"Manix-Afton Hills, Subsection 0",0.0,0.0,0.0,0.0,0.0,0.0
1224,"Manix-Afton Hills, Subsection 1",0.0,0.0,0.0,0.0,0.0,0.0
1225,"Manix-Afton Hills, Subsection 2",0.0,0.0,0.0,0.0,0.0,0.0
1226,"Manix-Afton Hills, Subsection 3",0.0,0.0,0.0,0.0,0.0,0.0
1227,"Manix-Afton Hills, Subsection 4",0.0,0.0,0.0,0.0,0.0,0.0
1228,"Manix-Afton Hills, Subsection 5",0.0,0.0,0.0,0.0,0.0,0.0
1229,"Manix-Afton Hills, Subsection 6",0.0,0.0,0.0,0.0,0.0,0.0
1230,"Manix-Afton Hills, Subsection 7",0.0,0.0,0.0,0.0,0.0,0.0
1231,"Manix-Afton Hills, Subsection 8",0.0,0.0,0.0,0.0,0.0,0.0
1232,"McKinleyville (alt1), Subsection 0",0.0,0.0,0.0,0.0,0.0,0.0
1233,"McKinleyville (alt1), Subsection 1",0.0,0.0,0.0,0.0,0.0,0.0
1234,"McKinleyville (alt1), Subsection 2",0.0,0.0,0.0,0.0,0.0,0.0
1235,"McKinleyville (alt1), Subsection 3",0.0,0.0,0.0,0.0,0.0,0.0
1236,"McKinleyville (alt1), Subsection 4",0.0,0.0,0.0,0.0,0.0,0.0
1237,"McLean Lake, Subsection 0",0.0,0.0,0.0,0.0,0.0,0.0
1238,"McLean Lake, Subsection 1",0.0,0.0,0.0,0.0,0.0,0.0
1239,"McLean Lake, Subsection 2",0.0,0.0,0.0,0.0,0.0,0.0
1240,"McLean Lake, Subsection 3",0.0,0.0,0.0,0.0,0.0,0.0
1241,"McLean Lake, Subsection 4",0.0,0.0,0.0,0.0,0.0,0.0
1242,"McLean Lake, Subsection 5",0.0,0.0,0.0,0.0,0.0,0.0
1243,"McLean Lake, Subsection 6",0.0,0.0,0.0,0.0,0.0,0.0
1244,"McLean Lake, Subsection 7",0.0,0.0,0.0,0.0,0.0,0.0
1245,"McLean Lake, Subsection 8",0.0,0.0,0.0,0.0,0.0,0.0
1246,"McLean Lake, Subsection 9",0.0,0.0,0.0,0.0,0.0,0.0
1247,"Mendocino, Subsection 0",4.0E-5,0.0,4.0E-5,4.0E-5,4.0E-5,0.0
1248,"Mendocino, Subsection 1",4.0E-5,0.0,4.0E-5,4.0E-5,4.0E-5,0.0
1249,"Mendocino, Subsection 2",4.0E-5,0.0,4.0E-5,4.0E-5,4.0E-5,0.0
1250,"Mendocino, Subsection 3",4.0E-5,0.0,4.0E-5,4.0E-5,4.0E-5,0.0
1251,"Mendocino, Subsection 4",4.0E-5,0.0,4.0E-5,4.0E-5,4.0E-5,0.0
1252,"Mendocino, Subsection 5",4.0E-5,0.0,4.0E-5,4.0E-5,4.0E-5,0.0
1253,"Mendocino, Subsection 6",4.0E-5,0.0,4.0E-5,4.0E-5,4.0E-5,0.0
1254,"Mendocino, Subsection 7",4.0E-5,0.0,4.0E-5,4.0E-5,4.0E-5,0.0
1255,"Mendocino, Subsection 8",4.0E-5,0.0,4.0E-5,4.0E-5,4.0E-5,0.0
1256,"Mendocino, Subsection 9",0.0,0.0,0.0,0.0,0.0,0.0
1257,"Mendocino, Subsection 10",0.0,0.0,0.0,0.0,0.0,0.0
1258,"Mendocino, Subsection 11",0.0,0.0,0.0,0.0,0.0,0.0
1259,"Mendocino, Subsection 12",0.0,0.0,0.0,0.0,0.0,0.0
1260,"Mendocino, Subsection 13",0.0,0.0,0.0,0.0,0.0,0.0
1261,"Mendocino, Subsection 14",0.0,0.0,0.0,0.0,0.0,0.0
1262,"Mendocino, Subsection 15",0.0,0.0,0.0,0.0,0.0,0.0
1263,"Mendocino, Subsection 16",0.0,0.0,0.0,0.0,0.0,0.0
1264,"Mendocino, Subsection 17",0.0,0.0,0.0,0.0,0.0,0.0
1265,"Mendocino, Subsection 18",0.0,0.0,0.0,0.0,0.0,0.0
1266,"Mendocino, Subsection 19",0.0,0.0,0.0,0.0,0.0,0.0
1267,"Mendocino, Subsection 20",0.0,0.0,0.0,0.0,0.0,0.0
1268,"Mendocino, Subsection 21",0.0,0.0,0.0,0.0,0.0,0.0
1269,"Mendocino, Subsection 22",0.0,0.0,0.0,0.0,0.0,0.0
1270,"Mendocino, Subsection 23",0.0,0.0,0.0,0.0,0.0,0.0
1271,"Mendocino, Subsection 24",0.0,0.0,0.0,0.0,0.0,0.0
1272,"Mendocino, Subsection 25",0.0,0.0,0.0,0.0,0.0,0.0
1273,"Mendocino, Subsection 26",0.0,0.0,0.0,0.0,0.0,0.0
1274,"Mendocino, Subsection 27",0.0,0.0,0.0,0.0,0.0,0.0
1275,"Mendocino, Subsection 28",0.0,0.0,0.0,0.0,0.0,0.0
1276,"Mendocino, Subsection 29",0.0,0.0,0.0,0.0,0.0,0.0
1277,"Mendocino, Subsection 30",0.0,0.0,0.0,0.0,0.0,0.0
1278,"Mendocino, Subsection 31",0.0,0.0,0.0,0.0,0.0,0.0
1279,"Mendocino, Subsection 32",0.0,0.0,0.0,0.0,0.0,0.0
1280,"Mendocino, Subsection 33",0.0,0.0,0.0,0.0,0.0,0.0
1281,"Mendocino, Subsection 34",0.0,0.0,0.0,0.0,0.0,0.0
1282,"Mendocino, Subsection 35",0.0,0.0,0.0,0.0,0.0,0.0
1283,"Mission (connected) 2011 CFM, Subsection 0",0.0,0.0,0.0,0.0,0.0,0.0
1284,"Mission (connected) 2011 CFM, Subsection 1",0.0,0.0,0.0,0.0,0.0,0.0
1285,"Mission (connected) 2011 CFM, Subsection 2",0.0,0.0,0.0,0.0,0.0,0.0
1286,"Mission (connected) 2011 CFM, Subsection 3",0.0,0.0,0.0,0.0,0.0,0.0
1287,"Mission (connected) 2011 CFM, Subsection 4",0.0,0.0,0.0,0.0,0.0,0.0
1288,"Mission (connected) 2011 CFM, Subsection 5",0.0,0.0,0.0,0.0,0.0,0.0
1289,"Mission (connected) 2011 CFM, Subsection 6",0.0,0.0,0.0,0.0,0.0,0.0
1290,"Mission (connected) 2011 CFM, Subsection 7",0.0,0.0,0.0,0.0,0.0,0.0
1291,"Mission (connected) 2011 CFM, Subsection 8",0.0,0.0,0.0,0.0,0.0,0.0
1292,"Mission (connected) 2011 CFM, Subsection 9",0.0,0.0,0.0,0.0,0.0,0.0
1293,"Mission (connected) 2011 CFM, Subsection 10",0.0,0.0,0.0,0.0,0.0,0.0
1294,"Mission (connected) 2011 CFM, Subsection 11",0.0,0.0,0.0,0.0,0.0,0.0
1295,"Mission Creek, Subsection 0",8.0E-5,4.0E-5,4.0E-5,4.0E-5,8.0E-5,4.0E-5
1296,"Mission Creek, Subsection 1",1.2E-4,8.0E-5,8.0E-5,8.0E-5,1.2E-4,4.0E-5
1297,"Mission Creek, Subsection 2",1.6E-4,8.0E-5,8.0E-5,1.2E-4,1.6E-4,4.0E-5
1298,"Mission Creek, Subsection 3",1.6E-4,8.0E-5,8.0E-5,1.2E-4,1.6E-4,4.0E-5
1299,"Mission Hills 2011, Subsection 0",0.0,0.0,0.0,0.0,0.0,0.0
1300,"Mission Hills 2011, Subsection 1",0.0,0.0,0.0,0.0,0.0,0.0
1301,"Mission Ridge-Arroyo Parida-Santa Ana, Subsection 0",0.0,0.0,0.0,0.0,0.0,0.0
1302,"Mission Ridge-Arroyo Parida-Santa Ana, Subsection 1",0.0,0.0,0.0,0.0,0.0,0.0
1303,"Mission Ridge-Arroyo Parida-Santa Ana, Subsection 2",0.0,0.0,0.0,0.0,0.0,0.0
1304,"Mission Ridge-Arroyo Parida-Santa Ana, Subsection 3",4.0E-5,0.0,4.0E-5,4.0E-5,4.0E-5,4.0E-5
1305,"Mission Ridge-Arroyo Parida-Santa Ana, Subsection 4",4.0E-5,0.0,4.0E-5,4.0E-5,4.0E-5,4.0E-5
1306,"Mission Ridge-Arroyo Parida-Santa Ana, Subsection 5",4.0E-5,0.0,4.0E-5,4.0E-5,4.0E-5,4.0E-5
1307,"Mission Ridge-Arroyo Parida-Santa Ana, Subsection 6",4.0E-5,0.0,4.0E-5,4.0E-5,4.0E-5,4.0E-5
1308,"Mission Ridge-Arroyo Parida-Santa Ana, Subsection 7",4.0E-5,0.0,4.0E-5,4.0E-5,4.0E-5,4.0E-5
1309,"Mission Ridge-Arroyo Parida-Santa Ana, Subsection 8",4.0E-5,0.0,4.0E-5,4.0E-5,4.0E-5,4.0E-5
1310,"Mission Ridge-Arroyo Parida-Santa Ana, Subsection 9",8.0E-5,0.0,4.0E-5,4.0E-5,8.0E-5,4.0E-5
1311,"Mission Ridge-Arroyo Parida-Santa Ana, Subsection 10",8.0E-5,0.0,4.0E-5,4.0E-5,8.0E-5,4.0E-5
1312,"Mission Ridge-Arroyo Parida-Santa Ana, Subsection 11",8.0E-5,0.0,4.0E-5,4.0E-5,8.0E-5,4.0E-5
1313,"Mission Ridge-Arroyo Parida-Santa Ana, Subsection 12",8.0E-5,0.0,4.0E-5,4.0E-5,8.0E-5,4.0E-5
1314,"Mission Ridge-Arroyo Parida-Santa Ana, Subsection 13",8.0E-5,0.0,4.0E-5,4.0E-5,8.0E-5,4.0E-5
1315,"Mission Ridge-Arroyo Parida-Santa Ana, Subsection 14",8.0E-5,0.0,4.0E-5,4.0E-5,8.0E-5,4.0E-5
1316,"Mission Ridge-Arroyo Parida-Santa Ana, Subsection 15",8.0E-5,0.0,4.0E-5,4.0E-5,8.0E-5,4.0E-5
1317,"Mission Ridge-Arroyo Parida-Santa Ana, Subsection 16",8.0E-5,0.0,4.0E-5,4.0E-5,8.0E-5,4.0E-5
1318,"Mission Ridge-Arroyo Parida-Santa Ana, Subsection 17",8.0E-5,0.0,4.0E-5,4.0E-5,8.0E-5,4.0E-5
1319,"Mohawk Valley 2011 CFM, Subsection 0",0.0,0.0,0.0,0.0,0.0,0.0
1320,"Mohawk Valley 2011 CFM, Subsection 1",0.0,0.0,0.0,0.0,0.0,0.0
1321,"Mohawk Valley 2011 CFM, Subsection 2",0.0,0.0,0.0,0.0,0.0,0.0
1322,"Mohawk Valley 2011 CFM, Subsection 3",0.0,0.0,0.0,0.0,0.0,0.0
1323,"Mohawk Valley 2011 CFM, Subsection 4",0.0,0.0,0.0,0.0,0.0,0.0
1324,"Mohawk Valley 2011 CFM, Subsection 5",0.0,0.0,0.0,0.0,0.0,0.0
1325,"Mohawk Valley 2011 CFM, Subsection 6",0.0,0.0,0.0,0.0,0.0,0.0
1326,"Mohawk Valley 2011 CFM, Subsection 7",0.0,0.0,0.0,0.0,0.0,0.0
1327,"Mohawk Valley 2011 CFM, Subsection 8",0.0,0.0,0.0,0.0,0.0,0.0
1328,"Mono Lake 2011 CFM, Subsection 0",0.0,0.0,0.0,0.0,0.0,0.0
1329,"Mono Lake 2011 CFM, Subsection 1",0.0,0.0,0.0,0.0,0.0,0.0
1330,"Mono Lake 2011 CFM, Subsection 2",0.0,0.0,0.0,0.0,0.0,0.0
1331,"Monte Vista - Shannon 2011 CFM, Subsection 0",4.0E-5,0.0,0.0,0.0,4.0E-5,0.0
1332,"Monte Vista - Shannon 2011 CFM, Subsection 1",4.0E-5,0.0,0.0,0.0,4.0E-5,0.0
1333,"Monte Vista - Shannon 2011 CFM, Subsection 2",4.0E-5,0.0,0.0,0.0,4.0E-5,0.0
1334,"Monte Vista - Shannon 2011 CFM, Subsection 3",4.0E-5,0.0,0.0,0.0,4.0E-5,0.0
1335,"Monte Vista - Shannon 2011 CFM, Subsection 4",0.0,0.0,0.0,0.0,0.0,0.0
1336,"Monte Vista - Shannon 2011 CFM, Subsection 5",0.0,0.0,0.0,0.0,0.0,0.0
1337,"Monte Vista - Shannon 2011 CFM, Subsection 6",0.0,0.0,0.0,0.0,0.0,0.0
1338,"Monte Vista - Shannon 2011 CFM, Subsection 7",0.0,0.0,0.0,0.0,0.0,0.0
1339,"Monterey Bay-Tularcitos, Subsection 0",0.0,0.0,0.0,0.0,0.0,0.0
1340,"Monterey Bay-Tularcitos, Subsection 1",0.0,0.0,0.0,0.0,0.0,0.0
1341,"Monterey Bay-Tularcitos, Subsection 2",0.0,0.0,0.0,0.0,0.0,0.0
1342,"Monterey Bay-Tularcitos, Subsection 3",0.0,0.0,0.0,0.0,0.0,0.0
1343,"Monterey Bay-Tularcitos, Subsection 4",0.0,0.0,0.0,0.0,0.0,0.0
1344,"Monterey Bay-Tularcitos, Subsection 5",0.0,0.0,0.0,0.0,0.0,0.0
1345,"Monterey Bay-Tularcitos, Subsection 6",0.0,0.0,0.0,0.0,0.0,0.0
1346,"Monterey Bay-Tularcitos, Subsection 7",0.0,0.0,0.0,0.0,0.0,0.0
1347,"Monterey Bay-Tularcitos, Subsection 8",0.0,0.0,0.0,0.0,0.0,0.0
1348,"Monterey Bay-Tularcitos, Subsection 9",0.0,0.0,0.0,0.0,0.0,0.0
1349,"Monterey Bay-Tularcitos, Subsection 10",0.0,0.0,0.0,0.0,0.0,0.0
1350,"Monterey Bay-Tularcitos, Subsection 11",0.0,0.0,0.0,0.0,0.0,0.0
1351,"Monterey Bay-Tularcitos, Subsection 12",0.0,0.0,0.0,0.0,0.0,0.0
1352,"Morales (East), Subsection 0",0.0,0.0,0.0,0.0,0.0,0.0
1353,"Morales (East), Subsection 1",0.0,0.0,0.0,0.0,0.0,0.0
1354,"Morales (East), Subsection 2",0.0,0.0,0.0,0.0,0.0,0.0
1355,"Morales (West), Subsection 0",0.0,0.0,0.0,0.0,0.0,0.0
1356,"Morales (West), Subsection 1",0.0,0.0,0.0,0.0,0.0,0.0
1357,"Morales (West), Subsection 2",0.0,0.0,0.0,0.0,0.0,0.0
1358,"Morales (West), Subsection 3",0.0,0.0,0.0,0.0,0.0,0.0
1359,"Mount Diablo Thrust North CFM, Subsection 0",0.0,0.0,0.0,0.0,0.0,0.0
1360,"Mount Diablo Thrust North CFM, Subsection 1",0.0,0.0,0.0,0.0,0.0,0.0
1361,"Mount Diablo Thrust South, Subsection 0",0.0,0.0,0.0,0.0,0.0,0.0
1362,"Mount Diablo Thrust South, Subsection 1",0.0,0.0,0.0,0.0,0.0,0.0
1363,"Nelson Lake, Subsection 0",0.0,0.0,0.0,0.0,0.0,0.0
1364,"Nelson Lake, Subsection 1",0.0,0.0,0.0,0.0,0.0,0.0
1365,"Nelson Lake, Subsection 2",0.0,0.0,0.0,0.0,0.0,0.0
1366,"Nelson Lake, Subsection 3",0.0,0.0,0.0,0.0,0.0,0.0
1367,"Nelson Lake, Subsection 4",0.0,0.0,0.0,0.0,0.0,0.0
1368,"Nelson Lake, Subsection 5",0.0,0.0,0.0,0.0,0.0,0.0
1369,"Nelson Lake, Subsection 6",0.0,0.0,0.0,0.0,0.0,0.0
1370,"Nelson Lake, Subsection 7",0.0,0.0,0.0,0.0,0.0,0.0
1371,"Nelson Lake, Subsection 8",0.0,0.0,0.0,0.0,0.0,0.0
1372,"Newport-Inglewood (Offshore), Subsection 0",0.0,0.0,0.0,0.0,0.0,0.0
1373,"Newport-Inglewood (Offshore), Subsection 1",0.0,0.0,0.0,0.0,0.0,0.0
1374,"Newport-Inglewood (Offshore), Subsection 2",0.0,0.0,0.0,0.0,0.0,0.0
1375,"Newport-Inglewood (Offshore), Subsection 3",0.0,0.0,0.0,0.0,0.0,0.0
1376,"Newport-Inglewood (Offshore), Subsection 4",0.0,0.0,0.0,0.0,0.0,0.0
1377,"Newport-Inglewood (Offshore), Subsection 5",0.0,0.0,0.0,0.0,0.0,0.0
1378,"Newport-Inglewood (Offshore), Subsection 6",0.0,0.0,0.0,0.0,0.0,0.0
1379,"Newport-Inglewood (Offshore), Subsection 7",0.0,0.0,0.0,0.0,0.0,0.0
1380,"Newport-Inglewood (Offshore), Subsection 8",0.0,0.0,0.0,0.0,0.0,0.0
1381,"Newport-Inglewood (Offshore), Subsection 9",0.0,0.0,0.0,0.0,0.0,0.0
1382,"Newport-Inglewood (Offshore), Subsection 10",0.0,0.0,0.0,0.0,0.0,0.0
1383,"Newport-Inglewood (Offshore), Subsection 11",0.0,0.0,0.0,0.0,0.0,0.0
1384,"Newport-Inglewood (Offshore), Subsection 12",0.0,0.0,0.0,0.0,0.0,0.0
1385,"Newport-Inglewood (Offshore), Subsection 13",0.0,0.0,0.0,0.0,0.0,0.0
1386,"Newport-Inglewood alt 1, Subsection 0",0.0,0.0,0.0,0.0,0.0,0.0
1387,"Newport-Inglewood alt 1, Subsection 1",0.0,0.0,0.0,0.0,0.0,0.0
1388,"Newport-Inglewood alt 1, Subsection 2",0.0,0.0,0.0,0.0,0.0,0.0
1389,"Newport-Inglewood alt 1, Subsection 3",0.0,0.0,0.0,0.0,0.0,0.0
1390,"Newport-Inglewood alt 1, Subsection 4",0.0,0.0,0.0,0.0,0.0,0.0
1391,"Newport-Inglewood alt 1, Subsection 5",0.0,0.0,0.0,0.0,0.0,0.0
1392,"Newport-Inglewood alt 1, Subsection 6",0.0,0.0,0.0,0.0,0.0,0.0
1393,"Newport-Inglewood alt 1, Subsection 7",0.0,0.0,0.0,0.0,0.0,0.0
1394,"Newport-Inglewood alt 1, Subsection 8",0.0,0.0,0.0,0.0,0.0,0.0
1395,"North Frontal  (East), Subsection 0",0.0,0.0,0.0,0.0,0.0,0.0
1396,"North Frontal  (East), Subsection 1",0.0,0.0,0.0,0.0,0.0,0.0
1397,"North Frontal  (East), Subsection 2",0.0,0.0,0.0,0.0,0.0,0.0
1398,"North Frontal  (West), Subsection 0",0.0,0.0,0.0,0.0,0.0,0.0
1399,"North Frontal  (West), Subsection 1",0.0,0.0,0.0,0.0,0.0,0.0
1400,"North Frontal  (West), Subsection 2",0.0,0.0,0.0,0.0,0.0,0.0
1401,"North Frontal  (West), Subsection 3",0.0,0.0,0.0,0.0,0.0,0.0
1402,"North Frontal  (West), Subsection 4",0.0,0.0,0.0,0.0,0.0,0.0
1403,"North Salt Lake, Subsection 0",0.0,0.0,0.0,0.0,0.0,0.0
1404,"North Salt Lake, Subsection 1",0.0,0.0,0.0,0.0,0.0,0.0
1405,"North Tahoe 2011 CFM, Subsection 0",0.0,0.0,0.0,0.0,0.0,0.0
1406,"North Tahoe 2011 CFM, Subsection 1",0.0,0.0,0.0,0.0,0.0,0.0
1407,"North Tahoe 2011 CFM, Subsection 2",0.0,0.0,0.0,0.0,0.0,0.0
1408,"North Tahoe 2011 CFM, Subsection 3",0.0,0.0,0.0,0.0,0.0,0.0
1409,"Northridge, Subsection 0",0.0,0.0,0.0,0.0,0.0,0.0
1410,"Northridge, Subsection 1",0.0,0.0,0.0,0.0,0.0,0.0
1411,"Northridge, Subsection 2",0.0,0.0,0.0,0.0,0.0,0.0
1412,"Northridge, Subsection 3",0.0,0.0,0.0,0.0,0.0,0.0
1413,"Northridge, Subsection 4",0.0,0.0,0.0,0.0,0.0,0.0
1414,"Northridge Hills, Subsection 0",4.0E-5,0.0,4.0E-5,4.0E-5,4.0E-5,0.0
1415,"Northridge Hills, Subsection 1",4.0E-5,0.0,4.0E-5,4.0E-5,4.0E-5,0.0
1416,"Oak Ridge (Onshore), Subsection 0",0.0,0.0,0.0,0.0,0.0,0.0
1417,"Oak Ridge (Onshore), Subsection 1",0.0,0.0,0.0,0.0,0.0,0.0
1418,"Oak Ridge (Onshore), Subsection 2",0.0,0.0,0.0,0.0,0.0,0.0
1419,"Oak Ridge (Onshore), Subsection 3",8.0E-5,4.0E-5,8.0E-5,8.0E-5,8.0E-5,4.0E-5
1420,"Oak Ridge (Onshore), Subsection 4",8.0E-5,4.0E-5,8.0E-5,8.0E-5,8.0E-5,4.0E-5
1421,"Oceanic - West Huasna, Subsection 0",0.0,0.0,0.0,0.0,0.0,0.0
1422,"Oceanic - West Huasna, Subsection 1",0.0,0.0,0.0,0.0,0.0,0.0
1423,"Oceanic - West Huasna, Subsection 2",0.0,0.0,0.0,0.0,0.0,0.0
1424,"Oceanic - West Huasna, Subsection 3",0.0,0.0,0.0,0.0,0.0,0.0
1425,"Oceanic - West Huasna, Subsection 4",0.0,0.0,0.0,0.0,0.0,0.0
1426,"Oceanic - West Huasna, Subsection 5",0.0,0.0,0.0,0.0,0.0,0.0
1427,"Oceanic - West Huasna, Subsection 6",0.0,0.0,0.0,0.0,0.0,0.0
1428,"Oceanic - West Huasna, Subsection 7",0.0,0.0,0.0,0.0,0.0,0.0
1429,"Oceanic - West Huasna, Subsection 8",0.0,0.0,0.0,0.0,0.0,0.0
1430,"Oceanic - West Huasna, Subsection 9",0.0,0.0,0.0,0.0,0.0,0.0
1431,"Oceanic - West Huasna, Subsection 10",0.0,0.0,0.0,0.0,0.0,0.0
1432,"Oceanic - West Huasna, Subsection 11",0.0,0.0,0.0,0.0,0.0,0.0
1433,"Oceanic - West Huasna, Subsection 12",0.0,0.0,0.0,0.0,0.0,0.0
1434,"Oceanic - West Huasna, Subsection 13",0.0,0.0,0.0,0.0,0.0,0.0
1435,"Oceanic - West Huasna, Subsection 14",0.0,0.0,0.0,0.0,0.0,0.0
1436,"Oceanic - West Huasna, Subsection 15",0.0,0.0,0.0,0.0,0.0,0.0
1437,"Oceanic - West Huasna, Subsection 16",0.0,0.0,0.0,0.0,0.0,0.0
1438,"Oceanic - West Huasna, Subsection 17",0.0,0.0,0.0,0.0,0.0,0.0
1439,"Oceanic - West Huasna, Subsection 18",0.0,0.0,0.0,0.0,0.0,0.0
1440,"Oceanic - West Huasna, Subsection 19",0.0,0.0,0.0,0.0,0.0,0.0
1441,"Oceanic - West Huasna, Subsection 20",0.0,0.0,0.0,0.0,0.0,0.0
1442,"Oceanic - West Huasna, Subsection 21",0.0,0.0,0.0,0.0,0.0,0.0
1443,"Oceanic - West Huasna, Subsection 22",0.0,0.0,0.0,0.0,0.0,0.0
1444,"Oceanic - West Huasna, Subsection 23",0.0,0.0,0.0,0.0,0.0,0.0
1445,"Oceanic - West Huasna, Subsection 24",0.0,0.0,0.0,0.0,0.0,0.0
1446,"Oceanic - West Huasna, Subsection 25",0.0,0.0,0.0,0.0,0.0,0.0
1447,"Oceanic - West Huasna, Subsection 26",0.0,0.0,0.0,0.0,0.0,0.0
1448,"Oceanic - West Huasna, Subsection 27",0.0,0.0,0.0,0.0,0.0,0.0
1449,"Oceanic - West Huasna, Subsection 28",0.0,0.0,0.0,0.0,0.0,0.0
1450,"Oceanic - West Huasna, Subsection 29",0.0,0.0,0.0,0.0,0.0,0.0
1451,"Oceanside alt1, Subsection 0",0.0,0.0,0.0,0.0,0.0,0.0
1452,"Oceanside alt1, Subsection 1",0.0,0.0,0.0,0.0,0.0,0.0
1453,"Oceanside alt1, Subsection 2",0.0,0.0,0.0,0.0,0.0,0.0
1454,"Oceanside alt1, Subsection 3",0.0,0.0,0.0,0.0,0.0,0.0
1455,"Oceanside alt1, Subsection 4",0.0,0.0,0.0,0.0,0.0,0.0
1456,"Oceanside alt1, Subsection 5",0.0,0.0,0.0,0.0,0.0,0.0
1457,"Oceanside alt1, Subsection 6",0.0,0.0,0.0,0.0,0.0,0.0
1458,"Ortigalita (North), Subsection 0",0.0,0.0,0.0,0.0,0.0,0.0
1459,"Ortigalita (North), Subsection 1",0.0,0.0,0.0,0.0,0.0,0.0
1460,"Ortigalita (North), Subsection 2",0.0,0.0,0.0,0.0,0.0,0.0
1461,"Ortigalita (North), Subsection 3",0.0,0.0,0.0,0.0,0.0,0.0
1462,"Ortigalita (North), Subsection 4",0.0,0.0,0.0,0.0,0.0,0.0
1463,"Ortigalita (North), Subsection 5",0.0,0.0,0.0,0.0,0.0,0.0
1464,"Ortigalita (North), Subsection 6",0.0,0.0,0.0,0.0,0.0,0.0
1465,"Ortigalita (North), Subsection 7",0.0,0.0,0.0,0.0,0.0,0.0
1466,"Ortigalita (South), Subsection 0",0.0,0.0,0.0,0.0,0.0,0.0
1467,"Ortigalita (South), Subsection 1",0.0,0.0,0.0,0.0,0.0,0.0
1468,"Ortigalita (South), Subsection 2",0.0,0.0,0.0,0.0,0.0,0.0
1469,"Ortigalita (South), Subsection 3",0.0,0.0,0.0,0.0,0.0,0.0
1470,"Ortigalita (South), Subsection 4",0.0,0.0,0.0,0.0,0.0,0.0
1471,"Ortigalita (South), Subsection 5",0.0,0.0,0.0,0.0,0.0,0.0
1472,"Ortigalita (South), Subsection 6",0.0,0.0,0.0,0.0,0.0,0.0
1473,"Ortigalita (South), Subsection 7",0.0,0.0,0.0,0.0,0.0,0.0
1474,"Ortigalita (South), Subsection 8",0.0,0.0,0.0,0.0,0.0,0.0
1475,"Ortigalita (South), Subsection 9",0.0,0.0,0.0,0.0,0.0,0.0
1476,"Ortigalita (South), Subsection 10",0.0,0.0,0.0,0.0,0.0,0.0
1477,"Ortigalita (South), Subsection 11",0.0,0.0,0.0,0.0,0.0,0.0
1478,"Owens Valley, Subsection 0",0.0,0.0,0.0,0.0,0.0,0.0
1479,"Owens Valley, Subsection 1",0.0,0.0,0.0,0.0,0.0,0.0
1480,"Owens Valley, Subsection 2",0.0,0.0,0.0,0.0,0.0,0.0
1481,"Owens Valley, Subsection 3",0.0,0.0,0.0,0.0,0.0,0.0
1482,"Owens Valley, Subsection 4",0.0,0.0,0.0,0.0,0.0,0.0
1483,"Owens Valley, Subsection 5",0.0,0.0,0.0,0.0,0.0,0.0
1484,"Owens Valley, Subsection 6",0.0,0.0,0.0,0.0,0.0,0.0
1485,"Owens Valley, Subsection 7",0.0,0.0,0.0,0.0,0.0,0.0
1486,"Owens Valley, Subsection 8",0.0,0.0,0.0,0.0,0.0,0.0
1487,"Owens Valley, Subsection 9",0.0,0.0,0.0,0.0,0.0,0.0
1488,"Owens Valley, Subsection 10",0.0,0.0,0.0,0.0,0.0,0.0
1489,"Owens Valley, Subsection 11",0.0,0.0,0.0,0.0,0.0,0.0
1490,"Owens Valley, Subsection 12",0.0,0.0,0.0,0.0,0.0,0.0
1491,"Owens Valley, Subsection 13",0.0,0.0,0.0,0.0,0.0,0.0
1492,"Owens Valley, Subsection 14",0.0,0.0,0.0,0.0,0.0,0.0
1493,"Owens Valley, Subsection 15",0.0,0.0,0.0,0.0,0.0,0.0
1494,"Owens Valley, Subsection 16",0.0,0.0,0.0,0.0,0.0,0.0
1495,"Owens Valley Keough Hot Springs, Subsection 0",0.0,0.0,0.0,0.0,0.0,0.0
1496,"Owens Valley Keough Hot Springs, Subsection 1",0.0,0.0,0.0,0.0,0.0,0.0
1497,"Owens Valley Keough Hot Springs, Subsection 2",0.0,0.0,0.0,0.0,0.0,0.0
1498,"Owl Lake, Subsection 0",4.0E-5,0.0,0.0,0.0,4.0E-5,0.0
1499,"Owl Lake, Subsection 1",4.0E-5,0.0,0.0,0.0,4.0E-5,0.0
1500,"Owl Lake, Subsection 2",4.0E-5,0.0,0.0,0.0,4.0E-5,0.0
1501,"Owl Lake, Subsection 3",4.0E-5,0.0,0.0,0.0,4.0E-5,0.0
1502,"Owl Lake, Subsection 4",4.0E-5,0.0,0.0,0.0,4.0E-5,0.0
1503,"Ozena, Subsection 0",0.0,0.0,0.0,0.0,0.0,0.0
1504,"Ozena, Subsection 1",0.0,0.0,0.0,0.0,0.0,0.0
1505,"Ozena, Subsection 2",0.0,0.0,0.0,0.0,0.0,0.0
1506,"Ozena, Subsection 3",0.0,0.0,0.0,0.0,0.0,0.0
1507,"Palos Verdes, Subsection 0",4.0E-5,0.0,0.0,0.0,4.0E-5,0.0
1508,"Palos Verdes, Subsection 1",4.0E-5,0.0,0.0,0.0,4.0E-5,0.0
1509,"Palos Verdes, Subsection 2",4.0E-5,0.0,0.0,0.0,4.0E-5,0.0
1510,"Palos Verdes, Subsection 3",4.0E-5,0.0,0.0,0.0,4.0E-5,0.0
1511,"Palos Verdes, Subsection 4",4.0E-5,0.0,0.0,0.0,4.0E-5,0.0
1512,"Palos Verdes, Subsection 5",4.0E-5,0.0,0.0,0.0,4.0E-5,0.0
1513,"Palos Verdes, Subsection 6",4.0E-5,0.0,0.0,0.0,4.0E-5,0.0
1514,"Palos Verdes, Subsection 7",4.0E-5,0.0,0.0,0.0,4.0E-5,0.0
1515,"Palos Verdes, Subsection 8",4.0E-5,0.0,0.0,0.0,4.0E-5,0.0
1516,"Palos Verdes, Subsection 9",4.0E-5,0.0,0.0,0.0,4.0E-5,0.0
1517,"Palos Verdes, Subsection 10",4.0E-5,0.0,0.0,0.0,4.0E-5,0.0
1518,"Palos Verdes, Subsection 11",4.0E-5,0.0,0.0,0.0,4.0E-5,0.0
1519,"Palos Verdes, Subsection 12",4.0E-5,0.0,0.0,0.0,4.0E-5,0.0
1520,"Palos Verdes, Subsection 13",4.0E-5,0.0,0.0,0.0,4.0E-5,0.0
1521,"Palos Verdes, Subsection 14",0.0,0.0,0.0,0.0,0.0,0.0
1522,"Palos Verdes, Subsection 15",0.0,0.0,0.0,0.0,0.0,0.0
1523,"Panamint Valley, Subsection 0",4.0E-5,4.0E-5,4.0E-5,4.0E-5,4.0E-5,4.0E-5
1524,"Panamint Valley, Subsection 1",4.0E-5,4.0E-5,4.0E-5,4.0E-5,4.0E-5,4.0E-5
1525,"Panamint Valley, Subsection 2",4.0E-5,4.0E-5,4.0E-5,4.0E-5,4.0E-5,4.0E-5
1526,"Panamint Valley, Subsection 3",4.0E-5,4.0E-5,4.0E-5,4.0E-5,4.0E-5,4.0E-5
1527,"Panamint Valley, Subsection 4",4.0E-5,4.0E-5,4.0E-5,4.0E-5,4.0E-5,4.0E-5
1528,"Panamint Valley, Subsection 5",4.0E-5,4.0E-5,4.0E-5,4.0E-5,4.0E-5,4.0E-5
1529,"Panamint Valley, Subsection 6",4.0E-5,4.0E-5,4.0E-5,4.0E-5,4.0E-5,4.0E-5
1530,"Panamint Valley, Subsection 7",4.0E-5,4.0E-5,4.0E-5,4.0E-5,4.0E-5,4.0E-5
1531,"Panamint Valley, Subsection 8",4.0E-5,4.0E-5,4.0E-5,4.0E-5,4.0E-5,4.0E-5
1532,"Panamint Valley, Subsection 9",4.0E-5,4.0E-5,4.0E-5,4.0E-5,4.0E-5,4.0E-5
1533,"Panamint Valley, Subsection 10",4.0E-5,4.0E-5,4.0E-5,4.0E-5,4.0E-5,4.0E-5
1534,"Panamint Valley, Subsection 11",4.0E-5,4.0E-5,4.0E-5,4.0E-5,4.0E-5,4.0E-5
1535,"Panamint Valley, Subsection 12",4.0E-5,4.0E-5,4.0E-5,4.0E-5,4.0E-5,4.0E-5
1536,"Panamint Valley, Subsection 13",4.0E-5,4.0E-5,4.0E-5,4.0E-5,4.0E-5,4.0E-5
1537,"Panamint Valley, Subsection 14",4.0E-5,4.0E-5,4.0E-5,4.0E-5,4.0E-5,4.0E-5
1538,"Panamint Valley, Subsection 15",4.0E-5,4.0E-5,4.0E-5,4.0E-5,4.0E-5,4.0E-5
1539,"Panamint Valley, Subsection 16",4.0E-5,4.0E-5,4.0E-5,4.0E-5,4.0E-5,4.0E-5
1540,"Paradise, Subsection 0",0.0,0.0,0.0,0.0,0.0,0.0
1541,"Paradise, Subsection 1",0.0,0.0,0.0,0.0,0.0,0.0
1542,"Paradise, Subsection 2",0.0,0.0,0.0,0.0,0.0,0.0
1543,"Paradise, Subsection 3",0.0,0.0,0.0,0.0,0.0,0.0
1544,"Paradise, Subsection 4",0.0,0.0,0.0,0.0,0.0,0.0
1545,"Paradise, Subsection 5",0.0,0.0,0.0,0.0,0.0,0.0
1546,"Paradise, Subsection 6",0.0,0.0,0.0,0.0,0.0,0.0
1547,"Paradise, Subsection 7",0.0,0.0,0.0,0.0,0.0,0.0
1548,"Paradise, Subsection 8",0.0,0.0,0.0,0.0,0.0,0.0
1549,"Peralta Hills, Subsection 0",0.0,0.0,0.0,0.0,0.0,0.0
1550,"Peralta Hills, Subsection 1",0.0,0.0,0.0,0.0,0.0,0.0
1551,"Pilarcitos 2011 CFM, Subsection 0",0.0,0.0,0.0,0.0,0.0,0.0
1552,"Pilarcitos 2011 CFM, Subsection 1",0.0,0.0,0.0,0.0,0.0,0.0
1553,"Pilarcitos 2011 CFM, Subsection 2",0.0,0.0,0.0,0.0,0.0,0.0
1554,"Pilarcitos 2011 CFM, Subsection 3",0.0,0.0,0.0,0.0,0.0,0.0
1555,"Pilarcitos 2011 CFM, Subsection 4",0.0,0.0,0.0,0.0,0.0,0.0
1556,"Pilarcitos 2011 CFM, Subsection 5",0.0,0.0,0.0,0.0,0.0,0.0
1557,"Pilarcitos 2011 CFM, Subsection 6",0.0,0.0,0.0,0.0,0.0,0.0
1558,"Pilarcitos 2011 CFM, Subsection 7",0.0,0.0,0.0,0.0,0.0,0.0
1559,"Pilarcitos 2011 CFM, Subsection 8",0.0,0.0,0.0,0.0,0.0,0.0
1560,"Pilarcitos 2011 CFM, Subsection 9",0.0,0.0,0.0,0.0,0.0,0.0
1561,"Pilarcitos 2011 CFM, Subsection 10",0.0,0.0,0.0,0.0,0.0,0.0
1562,"Pine Mtn, Subsection 0",0.0,0.0,0.0,0.0,0.0,0.0
1563,"Pine Mtn, Subsection 1",0.0,0.0,0.0,0.0,0.0,0.0
1564,"Pine Mtn, Subsection 2",0.0,0.0,0.0,0.0,0.0,0.0
1565,"Pine Mtn, Subsection 3",0.0,0.0,0.0,0.0,0.0,0.0
1566,"Pine Mtn, Subsection 4",0.0,0.0,0.0,0.0,0.0,0.0
1567,"Pine Mtn, Subsection 5",0.0,0.0,0.0,0.0,0.0,0.0
1568,"Pinto Mtn, Subsection 0",0.0,0.0,0.0,0.0,0.0,0.0
1569,"Pinto Mtn, Subsection 1",0.0,0.0,0.0,0.0,0.0,0.0
1570,"Pinto Mtn, Subsection 2",0.0,0.0,0.0,0.0,0.0,0.0
1571,"Pinto Mtn, Subsection 3",0.0,0.0,0.0,0.0,0.0,0.0
1572,"Pinto Mtn, Subsection 4",0.0,0.0,0.0,0.0,0.0,0.0
1573,"Pinto Mtn, Subsection 5",0.0,0.0,0.0,0.0,0.0,0.0
1574,"Pinto Mtn, Subsection 6",0.0,0.0,0.0,0.0,0.0,0.0
1575,"Pinto Mtn, Subsection 7",0.0,0.0,0.0,0.0,0.0,0.0
1576,"Pinto Mtn, Subsection 8",0.0,0.0,0.0,0.0,0.0,0.0
1577,"Pinto Mtn, Subsection 9",0.0,0.0,0.0,0.0,0.0,0.0
1578,"Pinto Mtn, Subsection 10",0.0,0.0,0.0,0.0,0.0,0.0
1579,"Pisgah-Bullion Mtn-Mesquite Lk, Subsection 0",0.0,0.0,0.0,0.0,0.0,0.0
1580,"Pisgah-Bullion Mtn-Mesquite Lk, Subsection 1",0.0,0.0,0.0,0.0,0.0,0.0
1581,"Pisgah-Bullion Mtn-Mesquite Lk, Subsection 2",0.0,0.0,0.0,0.0,0.0,0.0
1582,"Pisgah-Bullion Mtn-Mesquite Lk, Subsection 3",0.0,0.0,0.0,0.0,0.0,0.0
1583,"Pisgah-Bullion Mtn-Mesquite Lk, Subsection 4",0.0,0.0,0.0,0.0,0.0,0.0
1584,"Pisgah-Bullion Mtn-Mesquite Lk, Subsection 5",0.0,0.0,0.0,0.0,0.0,0.0
1585,"Pisgah-Bullion Mtn-Mesquite Lk, Subsection 6",0.0,0.0,0.0,0.0,0.0,0.0
1586,"Pisgah-Bullion Mtn-Mesquite Lk, Subsection 7",0.0,0.0,0.0,0.0,0.0,0.0
1587,"Pisgah-Bullion Mtn-Mesquite Lk, Subsection 8",0.0,0.0,0.0,0.0,0.0,0.0
1588,"Pisgah-Bullion Mtn-Mesquite Lk, Subsection 9",0.0,0.0,0.0,0.0,0.0,0.0
1589,"Pisgah-Bullion Mtn-Mesquite Lk, Subsection 10",0.0,0.0,0.0,0.0,0.0,0.0
1590,"Pisgah-Bullion Mtn-Mesquite Lk, Subsection 11",0.0,0.0,0.0,0.0,0.0,0.0
1591,"Pisgah-Bullion Mtn-Mesquite Lk, Subsection 12",0.0,0.0,0.0,0.0,0.0,0.0
1592,"Pisgah-Bullion Mtn-Mesquite Lk, Subsection 13",0.0,0.0,0.0,0.0,0.0,0.0
1593,"Pitas Point (Lower West), Subsection 0",4.0E-5,0.0,0.0,0.0,4.0E-5,0.0
1594,"Pitas Point (Lower West), Subsection 1",4.0E-5,0.0,0.0,0.0,4.0E-5,0.0
1595,"Pitas Point (Lower West), Subsection 2",0.0,0.0,0.0,0.0,0.0,0.0
1596,"Pitas Point (Lower)-Montalvo, Subsection 0",4.0E-5,0.0,0.0,0.0,4.0E-5,0.0
1597,"Pitas Point (Lower)-Montalvo, Subsection 1",4.0E-5,0.0,0.0,0.0,4.0E-5,0.0
1598,"Pittville 2011 CFM, Subsection 0",0.0,0.0,0.0,0.0,0.0,0.0
1599,"Pittville 2011 CFM, Subsection 1",0.0,0.0,0.0,0.0,0.0,0.0
1600,"Pittville 2011 CFM, Subsection 2",0.0,0.0,0.0,0.0,0.0,0.0
1601,"Pittville 2011 CFM, Subsection 3",0.0,0.0,0.0,0.0,0.0,0.0
1602,"Pittville 2011 CFM, Subsection 4",0.0,0.0,0.0,0.0,0.0,0.0
1603,"Pittville 2011 CFM, Subsection 5",0.0,0.0,0.0,0.0,0.0,0.0
1604,"Pittville 2011 CFM, Subsection 6",0.0,0.0,0.0,0.0,0.0,0.0
1605,"Pittville 2011 CFM, Subsection 7",0.0,0.0,0.0,0.0,0.0,0.0
1606,"Pleito, Subsection 0",2.4E-4,8.0E-5,8.0E-5,8.0E-5,2.4E-4,0.0
1607,"Pleito, Subsection 1",6.4E-4,2.4E-4,3.6E-4,4.0E-4,6.4E-4,1.2E-4
1608,"Pleito, Subsection 2",4.8E-4,2.0E-4,3.2E-4,3.6E-4,4.8E-4,1.2E-4
1609,"Pleito, Subsection 3",5.2E-4,2.4E-4,3.6E-4,4.0E-4,5.2E-4,1.2E-4
1610,"Pleito, Subsection 4",5.2E-4,2.4E-4,3.6E-4,4.0E-4,5.2E-4,1.2E-4
1611,"Point Reyes 2011 CFM, Subsection 0",0.0,0.0,0.0,0.0,0.0,0.0
1612,"Point Reyes 2011 CFM, Subsection 1",0.0,0.0,0.0,0.0,0.0,0.0
1613,"Point Reyes 2011 CFM, Subsection 2",0.0,0.0,0.0,0.0,0.0,0.0
1614,"Point Reyes 2011 CFM, Subsection 3",0.0,0.0,0.0,0.0,0.0,0.0
1615,"Point Reyes 2011 CFM, Subsection 4",0.0,0.0,0.0,0.0,0.0,0.0
1616,"Point Reyes 2011 CFM, Subsection 5",0.0,0.0,0.0,0.0,0.0,0.0
1617,"Point Reyes 2011 CFM, Subsection 6",0.0,0.0,0.0,0.0,0.0,0.0
1618,"Point Reyes 2011 CFM, Subsection 7",0.0,0.0,0.0,0.0,0.0,0.0
1619,"Point Reyes 2011 CFM, Subsection 8",0.0,0.0,0.0,0.0,0.0,0.0
1620,"Point Reyes 2011 CFM, Subsection 9",0.0,0.0,0.0,0.0,0.0,0.0
1621,"Point Reyes 2011 CFM, Subsection 10",0.0,0.0,0.0,0.0,0.0,0.0
1622,"Point Reyes 2011 CFM, Subsection 11",0.0,0.0,0.0,0.0,0.0,0.0
1623,"Point Reyes 2011 connector, Subsection 0",0.0,0.0,0.0,0.0,0.0,0.0
1624,"Point Reyes 2011 connector, Subsection 1",0.0,0.0,0.0,0.0,0.0,0.0
1625,"Point Reyes 2011 connector, Subsection 2",0.0,0.0,0.0,0.0,0.0,0.0
1626,"Point Reyes 2011 connector, Subsection 3",0.0,0.0,0.0,0.0,0.0,0.0
1627,"Point Reyes 2011 connector, Subsection 4",0.0,0.0,0.0,0.0,0.0,0.0
1628,"Point Reyes 2011 connector, Subsection 5",0.0,0.0,0.0,0.0,0.0,0.0
1629,"Point Reyes 2011 connector, Subsection 6",0.0,0.0,0.0,0.0,0.0,0.0
1630,"Polaris 2011 CFM, Subsection 0",0.0,0.0,0.0,0.0,0.0,0.0
1631,"Polaris 2011 CFM, Subsection 1",0.0,0.0,0.0,0.0,0.0,0.0
1632,"Polaris 2011 CFM, Subsection 2",0.0,0.0,0.0,0.0,0.0,0.0
1633,"Polaris 2011 CFM, Subsection 3",0.0,0.0,0.0,0.0,0.0,0.0
1634,"Puente Hills, Subsection 0",0.0,0.0,0.0,0.0,0.0,0.0
1635,"Puente Hills, Subsection 1",0.0,0.0,0.0,0.0,0.0,0.0
1636,"Puente Hills, Subsection 2",0.0,0.0,0.0,0.0,0.0,0.0
1637,"Puente Hills, Subsection 3",0.0,0.0,0.0,0.0,0.0,0.0
1638,"Puente Hills, Subsection 4",0.0,0.0,0.0,0.0,0.0,0.0
1639,"Quien Sabe 2011 CFM, Subsection 0",0.0,0.0,0.0,0.0,0.0,0.0
1640,"Quien Sabe 2011 CFM, Subsection 1",0.0,0.0,0.0,0.0,0.0,0.0
1641,"Quien Sabe 2011 CFM, Subsection 2",0.0,0.0,0.0,0.0,0.0,0.0
1642,"Quien Sabe 2011 CFM, Subsection 3",0.0,0.0,0.0,0.0,0.0,0.0
1643,"Quien Sabe 2011 CFM, Subsection 4",0.0,0.0,0.0,0.0,0.0,0.0
1644,"Raymond, Subsection 0",4.0E-5,0.0,0.0,0.0,4.0E-5,0.0
1645,"Raymond, Subsection 1",4.0E-5,0.0,0.0,0.0,4.0E-5,0.0
1646,"Raymond, Subsection 2",4.0E-5,0.0,0.0,0.0,4.0E-5,0.0
1647,"Red Mountain, Subsection 0",0.0,0.0,0.0,0.0,0.0,0.0
1648,"Red Mountain, Subsection 1",0.0,0.0,0.0,0.0,0.0,0.0
1649,"Red Mountain, Subsection 2",0.0,0.0,0.0,0.0,0.0,0.0
1650,"Red Mountain, Subsection 3",0.0,0.0,0.0,0.0,0.0,0.0
1651,"Red Mountain, Subsection 4",0.0,0.0,0.0,0.0,0.0,0.0
1652,"Red Mountain, Subsection 5",4.0E-5,0.0,4.0E-5,4.0E-5,4.0E-5,4.0E-5
1653,"Red Mountain, Subsection 6",4.0E-5,0.0,4.0E-5,4.0E-5,4.0E-5,4.0E-5
1654,"Red Mountain, Subsection 7",4.0E-5,0.0,4.0E-5,4.0E-5,4.0E-5,4.0E-5
1655,"Red Mountain, Subsection 8",4.0E-5,0.0,4.0E-5,4.0E-5,4.0E-5,4.0E-5
1656,"Red Mountain, Subsection 9",4.0E-5,0.0,4.0E-5,4.0E-5,4.0E-5,4.0E-5
1657,"Red Mountain, Subsection 10",4.0E-5,0.0,4.0E-5,4.0E-5,4.0E-5,4.0E-5
1658,"Red Mountain, Subsection 11",4.0E-5,0.0,4.0E-5,4.0E-5,4.0E-5,4.0E-5
1659,"Red Pass, Subsection 0",0.0,0.0,0.0,0.0,0.0,0.0
1660,"Red Pass, Subsection 1",0.0,0.0,0.0,0.0,0.0,0.0
1661,"Red Pass, Subsection 2",0.0,0.0,0.0,0.0,0.0,0.0
1662,"Red Pass, Subsection 3",0.0,0.0,0.0,0.0,0.0,0.0
1663,"Red Pass, Subsection 4",0.0,0.0,0.0,0.0,0.0,0.0
1664,"Redondo Canyon alt 1, Subsection 0",0.0,0.0,0.0,0.0,0.0,0.0
1665,"Redondo Canyon alt 1, Subsection 1",0.0,0.0,0.0,0.0,0.0,0.0
1666,"Reliz 2011 CFM, Subsection 0",0.0,0.0,0.0,0.0,0.0,0.0
1667,"Reliz 2011 CFM, Subsection 1",0.0,0.0,0.0,0.0,0.0,0.0
1668,"Reliz 2011 CFM, Subsection 2",0.0,0.0,0.0,0.0,0.0,0.0
1669,"Reliz 2011 CFM, Subsection 3",0.0,0.0,0.0,0.0,0.0,0.0
1670,"Reliz 2011 CFM, Subsection 4",0.0,0.0,0.0,0.0,0.0,0.0
1671,"Reliz 2011 CFM, Subsection 5",0.0,0.0,0.0,0.0,0.0,0.0
1672,"Reliz 2011 CFM, Subsection 6",0.0,0.0,0.0,0.0,0.0,0.0
1673,"Reliz 2011 CFM, Subsection 7",0.0,0.0,0.0,0.0,0.0,0.0
1674,"Reliz 2011 CFM, Subsection 8",0.0,0.0,0.0,0.0,0.0,0.0
1675,"Reliz 2011 CFM, Subsection 9",0.0,0.0,0.0,0.0,0.0,0.0
1676,"Reliz 2011 CFM, Subsection 10",0.0,0.0,0.0,0.0,0.0,0.0
1677,"Reliz 2011 CFM, Subsection 11",0.0,0.0,0.0,0.0,0.0,0.0
1678,"Reliz 2011 CFM, Subsection 12",0.0,0.0,0.0,0.0,0.0,0.0
1679,"Reliz 2011 CFM, Subsection 13",0.0,0.0,0.0,0.0,0.0,0.0
1680,"Reliz 2011 CFM, Subsection 14",0.0,0.0,0.0,0.0,0.0,0.0
1681,"Reliz 2011 CFM, Subsection 15",0.0,0.0,0.0,0.0,0.0,0.0
1682,"Reliz 2011 CFM, Subsection 16",0.0,0.0,0.0,0.0,0.0,0.0
1683,"Reliz 2011 CFM, Subsection 17",0.0,0.0,0.0,0.0,0.0,0.0
1684,"Reliz 2011 CFM, Subsection 18",0.0,0.0,0.0,0.0,0.0,0.0
1685,"Reliz 2011 CFM, Subsection 19",0.0,0.0,0.0,0.0,0.0,0.0
1686,"Richfield, Subsection 0",0.0,0.0,0.0,0.0,0.0,0.0
1687,"Richfield, Subsection 1",0.0,0.0,0.0,0.0,0.0,0.0
1688,"Rinconada 2011 CFM, Subsection 0",0.0,0.0,0.0,0.0,0.0,0.0
1689,"Rinconada 2011 CFM, Subsection 1",0.0,0.0,0.0,0.0,0.0,0.0
1690,"Rinconada 2011 CFM, Subsection 2",0.0,0.0,0.0,0.0,0.0,0.0
1691,"Rinconada 2011 CFM, Subsection 3",0.0,0.0,0.0,0.0,0.0,0.0
1692,"Rinconada 2011 CFM, Subsection 4",0.0,0.0,0.0,0.0,0.0,0.0
1693,"Rinconada 2011 CFM, Subsection 5",0.0,0.0,0.0,0.0,0.0,0.0
1694,"Rinconada 2011 CFM, Subsection 6",0.0,0.0,0.0,0.0,0.0,0.0
1695,"Rinconada 2011 CFM, Subsection 7",0.0,0.0,0.0,0.0,0.0,0.0
1696,"Rinconada 2011 CFM, Subsection 8",0.0,0.0,0.0,0.0,0.0,0.0
1697,"Rinconada 2011 CFM, Subsection 9",0.0,0.0,0.0,0.0,0.0,0.0
1698,"Rinconada 2011 CFM, Subsection 10",0.0,0.0,0.0,0.0,0.0,0.0
1699,"Rinconada 2011 CFM, Subsection 11",0.0,0.0,0.0,0.0,0.0,0.0
1700,"Rinconada 2011 CFM, Subsection 12",0.0,0.0,0.0,0.0,0.0,0.0
1701,"Rinconada 2011 CFM, Subsection 13",0.0,0.0,0.0,0.0,0.0,0.0
1702,"Rinconada 2011 CFM, Subsection 14",0.0,0.0,0.0,0.0,0.0,0.0
1703,"Rinconada 2011 CFM, Subsection 15",0.0,0.0,0.0,0.0,0.0,0.0
1704,"Rinconada 2011 CFM, Subsection 16",0.0,0.0,0.0,0.0,0.0,0.0
1705,"Rinconada 2011 CFM, Subsection 17",0.0,0.0,0.0,0.0,0.0,0.0
1706,"Rinconada 2011 CFM, Subsection 18",0.0,0.0,0.0,0.0,0.0,0.0
1707,"Rinconada 2011 CFM, Subsection 19",0.0,0.0,0.0,0.0,0.0,0.0
1708,"Rinconada 2011 CFM, Subsection 20",0.0,0.0,0.0,0.0,0.0,0.0
1709,"Rinconada 2011 CFM, Subsection 21",0.0,0.0,0.0,0.0,0.0,0.0
1710,"Rinconada 2011 CFM, Subsection 22",0.0,0.0,0.0,0.0,0.0,0.0
1711,"Rinconada 2011 CFM, Subsection 23",0.0,0.0,0.0,0.0,0.0,0.0
1712,"Rinconada 2011 CFM, Subsection 24",0.0,0.0,0.0,0.0,0.0,0.0
1713,"Rinconada 2011 CFM, Subsection 25",0.0,0.0,0.0,0.0,0.0,0.0
1714,"Rinconada 2011 CFM, Subsection 26",0.0,0.0,0.0,0.0,0.0,0.0
1715,"Rinconada 2011 CFM, Subsection 27",0.0,0.0,0.0,0.0,0.0,0.0
1716,"Rinconada 2011 CFM, Subsection 28",0.0,0.0,0.0,0.0,0.0,0.0
1717,"Robinson Creek, Subsection 0",0.0,0.0,0.0,0.0,0.0,0.0
1718,"Robinson Creek, Subsection 1",0.0,0.0,0.0,0.0,0.0,0.0
1719,"Rocky Ledge 2011 CFM, Subsection 0",0.0,0.0,0.0,0.0,0.0,0.0
1720,"Rocky Ledge 2011 CFM, Subsection 1",0.0,0.0,0.0,0.0,0.0,0.0
1721,"Rocky Ledge 2011 CFM, Subsection 2",0.0,0.0,0.0,0.0,0.0,0.0
1722,"Rocky Ledge 2011 CFM, Subsection 3",0.0,0.0,0.0,0.0,0.0,0.0
1723,"Rodgers Creek - Healdsburg 2011 CFM, Subsection 0",0.0,0.0,0.0,0.0,0.0,0.0
1724,"Rodgers Creek - Healdsburg 2011 CFM, Subsection 1",0.0,0.0,0.0,0.0,0.0,0.0
1725,"Rodgers Creek - Healdsburg 2011 CFM, Subsection 2",0.0,0.0,0.0,0.0,0.0,0.0
1726,"Rodgers Creek - Healdsburg 2011 CFM, Subsection 3",0.0,0.0,0.0,0.0,0.0,0.0
1727,"Rodgers Creek - Healdsburg 2011 CFM, Subsection 4",0.0,0.0,0.0,0.0,0.0,0.0
1728,"Rodgers Creek - Healdsburg 2011 CFM, Subsection 5",0.0,0.0,0.0,0.0,0.0,0.0
1729,"Rodgers Creek - Healdsburg 2011 CFM, Subsection 6",0.0,0.0,0.0,0.0,0.0,0.0
1730,"Rodgers Creek - Healdsburg 2011 CFM, Subsection 7",0.0,0.0,0.0,0.0,0.0,0.0
1731,"Rodgers Creek - Healdsburg 2011 CFM, Subsection 8",0.0,0.0,0.0,0.0,0.0,0.0
1732,"Rodgers Creek - Healdsburg 2011 CFM, Subsection 9",0.0,0.0,0.0,0.0,0.0,0.0
1733,"Rodgers Creek - Healdsburg 2011 CFM, Subsection 10",0.0,0.0,0.0,0.0,0.0,0.0
1734,"Rodgers Creek - Healdsburg 2011 CFM, Subsection 11",0.0,0.0,0.0,0.0,0.0,0.0
1735,"Rodgers Creek - Healdsburg 2011 CFM, Subsection 12",0.0,0.0,0.0,0.0,0.0,0.0
1736,"Rodgers Creek - Healdsburg 2011 CFM, Subsection 13",0.0,0.0,0.0,0.0,0.0,0.0
1737,"Rose Canyon, Subsection 0",0.0,0.0,0.0,0.0,0.0,0.0
1738,"Rose Canyon, Subsection 1",0.0,0.0,0.0,0.0,0.0,0.0
1739,"Rose Canyon, Subsection 2",0.0,0.0,0.0,0.0,0.0,0.0
1740,"Rose Canyon, Subsection 3",0.0,0.0,0.0,0.0,0.0,0.0
1741,"Rose Canyon, Subsection 4",0.0,0.0,0.0,0.0,0.0,0.0
1742,"Rose Canyon, Subsection 5",0.0,0.0,0.0,0.0,0.0,0.0
1743,"Rose Canyon, Subsection 6",0.0,0.0,0.0,0.0,0.0,0.0
1744,"Rose Canyon, Subsection 7",0.0,0.0,0.0,0.0,0.0,0.0
1745,"Rose Canyon, Subsection 8",0.0,0.0,0.0,0.0,0.0,0.0
1746,"Rose Canyon, Subsection 9",0.0,0.0,0.0,0.0,0.0,0.0
1747,"Rose Canyon, Subsection 10",0.0,0.0,0.0,0.0,0.0,0.0
1748,"Rose Canyon, Subsection 11",0.0,0.0,0.0,0.0,0.0,0.0
1749,"Rose Canyon, Subsection 12",0.0,0.0,0.0,0.0,0.0,0.0
1750,"Rose Canyon, Subsection 13",0.0,0.0,0.0,0.0,0.0,0.0
1751,"Rose Canyon, Subsection 14",0.0,0.0,0.0,0.0,0.0,0.0
1752,"Rose Canyon, Subsection 15",0.0,0.0,0.0,0.0,0.0,0.0
1753,"Rose Canyon, Subsection 16",0.0,0.0,0.0,0.0,0.0,0.0
1754,"Rose Canyon, Subsection 17",0.0,0.0,0.0,0.0,0.0,0.0
1755,"Rose Canyon, Subsection 18",0.0,0.0,0.0,0.0,0.0,0.0
1756,"Rose Canyon, Subsection 19",0.0,0.0,0.0,0.0,0.0,0.0
1757,"Round Valley, Subsection 0",0.0,0.0,0.0,0.0,0.0,0.0
1758,"Round Valley, Subsection 1",0.0,0.0,0.0,0.0,0.0,0.0
1759,"Round Valley, Subsection 2",0.0,0.0,0.0,0.0,0.0,0.0
1760,"Round Valley, Subsection 3",0.0,0.0,0.0,0.0,0.0,0.0
1761,"Round Valley, Subsection 4",0.0,0.0,0.0,0.0,0.0,0.0
1762,"Round Valley, Subsection 5",0.0,0.0,0.0,0.0,0.0,0.0
1763,"Russ 2011 CFM, Subsection 0",0.0,0.0,0.0,0.0,0.0,0.0
1764,"Russ 2011 CFM, Subsection 1",0.0,0.0,0.0,0.0,0.0,0.0
1765,"Russ 2011 CFM, Subsection 2",0.0,0.0,0.0,0.0,0.0,0.0
1766,"Russ 2011 CFM, Subsection 3",0.0,0.0,0.0,0.0,0.0,0.0
1767,"Russ 2011 CFM, Subsection 4",0.0,0.0,0.0,0.0,0.0,0.0
1768,"Russ 2011 CFM, Subsection 5",0.0,0.0,0.0,0.0,0.0,0.0
1769,"Russ 2011 CFM, Subsection 6",0.0,0.0,0.0,0.0,0.0,0.0
1770,"Russ 2011 CFM, Subsection 7",0.0,0.0,0.0,0.0,0.0,0.0
1771,"Russ 2011 CFM, Subsection 8",0.0,0.0,0.0,0.0,0.0,0.0
1772,"San Andreas (Big Bend), Subsection 0",0.00388,0.00136,0.002,0.00252,0.00388,0.00116
1773,"San Andreas (Big Bend), Subsection 1",0.00388,0.00136,0.002,0.00252,0.00388,0.00116
1774,"San Andreas (Big Bend), Subsection 2",0.00396,0.0014,0.00208,0.0026,0.00396,0.00124
1775,"San Andreas (Big Bend), Subsection 3",0.00412,0.00144,0.00212,0.00264,0.00408,0.00124
1776,"San Andreas (Big Bend), Subsection 4",0.00384,0.00132,0.00188,0.00236,0.0038,0.00116
1777,"San Andreas (Big Bend), Subsection 5",0.0042,0.00148,0.00212,0.0026,0.00416,0.00136
1778,"San Andreas (Big Bend), Subsection 6",0.0042,0.00148,0.00212,0.0026,0.00416,0.00136
1779,"San Andreas (Carrizo) rev, Subsection 0",0.00368,0.00132,0.00188,0.00236,0.00368,0.00112
1780,"San Andreas (Carrizo) rev, Subsection 1",0.00368,0.00132,0.00188,0.00236,0.00368,0.00112
1781,"San Andreas (Carrizo) rev, Subsection 2",0.00368,0.00132,0.00188,0.00236,0.00368,0.00112
1782,"San Andreas (Carrizo) rev, Subsection 3",0.00372,0.00132,0.00188,0.0024,0.00372,0.00112
1783,"San Andreas (Carrizo) rev, Subsection 4",0.00372,0.00132,0.00188,0.0024,0.00372,0.00112
1784,"San Andreas (Carrizo) rev, Subsection 5",0.00376,0.00136,0.00192,0.00244,0.00376,0.00116
1785,"San Andreas (Carrizo) rev, Subsection 6",0.00384,0.00136,0.002,0.00252,0.00384,0.00116
1786,"San Andreas (Carrizo) rev, Subsection 7",0.00384,0.00136,0.002,0.00252,0.00384,0.00116
1787,"San Andreas (Cholame) rev, Subsection 0",0.0036,0.00128,0.00184,0.00232,0.0036,0.00112
1788,"San Andreas (Cholame) rev, Subsection 1",0.0036,0.00128,0.00184,0.00232,0.0036,0.00112
1789,"San Andreas (Cholame) rev, Subsection 2",0.00348,0.00124,0.0018,0.00228,0.00348,0.00108
1790,"San Andreas (Cholame) rev, Subsection 3",0.00344,0.0012,0.00176,0.00224,0.00344,0.00104
1791,"San Andreas (Cholame) rev, Subsection 4",0.00332,0.00116,0.00172,0.0022,0.00332,9.6E-4
1792,"San Andreas (Cholame) rev, Subsection 5",0.00324,0.00112,0.00164,0.00212,0.00324,9.6E-4
1793,"San Andreas (Cholame) rev, Subsection 6",0.0032,0.00112,0.0016,0.00208,0.0032,9.6E-4
1794,"San Andreas (Cholame) rev, Subsection 7",0.00316,0.00112,0.0016,0.00208,0.00316,9.6E-4
1795,"San Andreas (Cholame) rev, Subsection 8",0.00304,0.00108,0.00156,0.002,0.00304,9.6E-4
1796,"San Andreas (Cholame) rev, Subsection 9",0.00284,0.00104,0.00152,0.00184,0.00284,9.2E-4
1797,"San Andreas (Cholame) rev, Subsection 10",0.0028,0.00104,0.00152,0.00184,0.0028,9.2E-4
1798,"San Andreas (Coachella) rev, Subsection 0",0.00156,6.8E-4,0.00104,0.00108,0.00156,5.6E-4
1799,"San Andreas (Coachella) rev, Subsection 1",0.00156,6.8E-4,0.00104,0.00108,0.00156,5.6E-4
1800,"San Andreas (Coachella) rev, Subsection 2",0.00156,6.8E-4,0.00104,0.00108,0.00156,5.6E-4
1801,"San Andreas (Coachella) rev, Subsection 3",0.00156,6.8E-4,0.00104,0.00108,0.00156,5.6E-4
1802,"San Andreas (Coachella) rev, Subsection 4",0.00152,6.4E-4,0.001,0.00104,0.00152,5.2E-4
1803,"San Andreas (Coachella) rev, Subsection 5",0.00148,6.4E-4,9.6E-4,0.001,0.00148,5.2E-4
1804,"San Andreas (Coachella) rev, Subsection 6",0.00148,6.4E-4,9.6E-4,0.001,0.00148,5.2E-4
1805,"San Andreas (Coachella) rev, Subsection 7",0.00144,6.4E-4,9.6E-4,0.001,0.00144,5.2E-4
1806,"San Andreas (Coachella) rev, Subsection 8",0.00144,6.4E-4,9.6E-4,0.001,0.00144,5.2E-4
1807,"San Andreas (Coachella) rev, Subsection 9",0.00144,6.4E-4,9.6E-4,0.001,0.00144,5.2E-4
1808,"San Andreas (Coachella) rev, Subsection 10",0.0014,6.4E-4,9.6E-4,0.001,0.0014,5.2E-4
1809,"San Andreas (Coachella) rev, Subsection 11",0.00136,6.0E-4,9.2E-4,9.6E-4,0.00136,4.8E-4
1810,"San Andreas (Coachella) rev, Subsection 12",1.2E-4,4.0E-5,8.0E-5,8.0E-5,1.2E-4,4.0E-5
1811,"San Andreas (Creeping Section) 2011 CFM, Subsection 0",0.0016,4.4E-4,7.6E-4,0.001,0.0016,4.8E-4
1812,"San Andreas (Creeping Section) 2011 CFM, Subsection 1",0.0016,4.4E-4,7.6E-4,0.001,0.0016,4.8E-4
1813,"San Andreas (Creeping Section) 2011 CFM, Subsection 2",0.00132,3.6E-4,6.4E-4,8.8E-4,0.00132,4.0E-4
1814,"San Andreas (Creeping Section) 2011 CFM, Subsection 3",0.00112,2.8E-4,5.2E-4,7.6E-4,0.00112,3.2E-4
1815,"San Andreas (Creeping Section) 2011 CFM, Subsection 4",9.2E-4,2.8E-4,4.8E-4,6.8E-4,9.2E-4,2.8E-4
1816,"San Andreas (Creeping Section) 2011 CFM, Subsection 5",8.4E-4,2.0E-4,4.0E-4,6.0E-4,8.4E-4,2.4E-4
1817,"San Andreas (Creeping Section) 2011 CFM, Subsection 6",8.4E-4,2.0E-4,4.0E-4,6.0E-4,8.4E-4,2.4E-4
1818,"San Andreas (Creeping Section) 2011 CFM, Subsection 7",8.4E-4,2.0E-4,4.0E-4,6.0E-4,8.4E-4,2.4E-4
1819,"San Andreas (Creeping Section) 2011 CFM, Subsection 8",8.4E-4,2.0E-4,4.0E-4,6.0E-4,8.4E-4,2.4E-4
1820,"San Andreas (Creeping Section) 2011 CFM, Subsection 9",8.4E-4,2.0E-4,4.0E-4,6.0E-4,8.4E-4,2.4E-4
1821,"San Andreas (Creeping Section) 2011 CFM, Subsection 10",8.4E-4,2.0E-4,4.0E-4,6.0E-4,8.4E-4,2.4E-4
1822,"San Andreas (Creeping Section) 2011 CFM, Subsection 11",8.4E-4,2.0E-4,4.0E-4,6.0E-4,8.4E-4,2.4E-4
1823,"San Andreas (Creeping Section) 2011 CFM, Subsection 12",6.4E-4,1.6E-4,3.2E-4,5.2E-4,6.4E-4,1.6E-4
1824,"San Andreas (Creeping Section) 2011 CFM, Subsection 13",6.4E-4,1.6E-4,3.2E-4,5.2E-4,6.4E-4,1.6E-4
1825,"San Andreas (Creeping Section) 2011 CFM, Subsection 14",6.0E-4,1.6E-4,2.8E-4,4.8E-4,6.0E-4,1.6E-4
1826,"San Andreas (Creeping Section) 2011 CFM, Subsection 15",5.2E-4,1.6E-4,2.8E-4,4.8E-4,5.2E-4,1.6E-4
1827,"San Andreas (Creeping Section) 2011 CFM, Subsection 16",4.8E-4,1.6E-4,2.4E-4,4.4E-4,4.8E-4,1.6E-4
1828,"San Andreas (Creeping Section) 2011 CFM, Subsection 17",4.8E-4,1.6E-4,2.4E-4,4.4E-4,4.8E-4,1.6E-4
1829,"San Andreas (Creeping Section) 2011 CFM, Subsection 18",4.8E-4,1.6E-4,2.4E-4,4.4E-4,4.8E-4,1.6E-4
1830,"San Andreas (Creeping Section) 2011 CFM, Subsection 19",4.0E-4,1.2E-4,2.0E-4,3.6E-4,4.0E-4,8.0E-5
1831,"San Andreas (Creeping Section) 2011 CFM, Subsection 20",4.0E-4,1.2E-4,2.0E-4,3.6E-4,4.0E-4,8.0E-5
1832,"San Andreas (Mojave N), Subsection 0",0.00512,0.00196,0.00276,0.00328,0.00512,0.0016
1833,"San Andreas (Mojave N), Subsection 1",0.00512,0.00196,0.00276,0.00328,0.00512,0.0016
1834,"San Andreas (Mojave N), Subsection 2",0.0052,0.002,0.00284,0.00336,0.0052,0.0016
1835,"San Andreas (Mojave N), Subsection 3",0.00532,0.002,0.00284,0.0034,0.00532,0.00164
1836,"San Andreas (Mojave N), Subsection 4",0.00532,0.002,0.00284,0.0034,0.00532,0.00164
1837,"San Andreas (Mojave S), Subsection 0",0.00544,0.00208,0.00292,0.00348,0.00544,0.00164
1838,"San Andreas (Mojave S), Subsection 1",0.00552,0.00212,0.003,0.00356,0.00552,0.00168
1839,"San Andreas (Mojave S), Subsection 2",0.00564,0.00212,0.00308,0.00364,0.00564,0.00176
1840,"San Andreas (Mojave S), Subsection 3",0.00576,0.00212,0.00316,0.00372,0.00576,0.00176
1841,"San Andreas (Mojave S), Subsection 4",0.00588,0.0022,0.00324,0.0038,0.00588,0.00184
1842,"San Andreas (Mojave S), Subsection 5",0.006,0.00232,0.00336,0.00392,0.006,0.00192
1843,"San Andreas (Mojave S), Subsection 6",0.006,0.00232,0.00336,0.00392,0.006,0.00192
1844,"San Andreas (Mojave S), Subsection 7",0.00604,0.00232,0.0034,0.00396,0.00604,0.00196
1845,"San Andreas (Mojave S), Subsection 8",0.00608,0.00232,0.0034,0.004,0.00608,0.002
1846,"San Andreas (Mojave S), Subsection 9",0.00612,0.00232,0.0034,0.004,0.00612,0.002
1847,"San Andreas (Mojave S), Subsection 10",0.00612,0.00232,0.00344,0.004,0.00612,0.00196
1848,"San Andreas (Mojave S), Subsection 11",0.00604,0.00224,0.00336,0.00392,0.00604,0.00192
1849,"San Andreas (Mojave S), Subsection 12",0.00592,0.00216,0.00328,0.0038,0.00592,0.00184
1850,"San Andreas (Mojave S), Subsection 13",0.00572,0.00208,0.00316,0.00368,0.00572,0.00176
1851,"San Andreas (Mojave S), Subsection 14",0.0056,0.00208,0.00312,0.00364,0.0056,0.00172
1852,"San Andreas (North Branch Mill Creek), Subsection 0",5.2E-4,2.0E-4,3.6E-4,3.6E-4,5.2E-4,1.6E-4
1853,"San Andreas (North Branch Mill Creek), Subsection 1",5.2E-4,2.0E-4,3.6E-4,3.6E-4,5.2E-4,1.6E-4
1854,"San Andreas (North Branch Mill Creek), Subsection 2",5.2E-4,2.0E-4,3.6E-4,3.6E-4,5.2E-4,1.6E-4
1855,"San Andreas (North Branch Mill Creek), Subsection 3",4.4E-4,1.6E-4,2.8E-4,2.8E-4,4.4E-4,1.2E-4
1856,"San Andreas (North Branch Mill Creek), Subsection 4",3.2E-4,1.2E-4,2.0E-4,2.0E-4,3.2E-4,1.2E-4
1857,"San Andreas (North Branch Mill Creek), Subsection 5",2.8E-4,1.2E-4,2.0E-4,2.0E-4,2.8E-4,1.2E-4
1858,"San Andreas (North Branch Mill Creek), Subsection 6",2.0E-4,1.2E-4,1.6E-4,1.6E-4,2.0E-4,1.2E-4
1859,"San Andreas (North Branch Mill Creek), Subsection 7",2.0E-4,1.2E-4,1.6E-4,1.6E-4,2.0E-4,1.2E-4
1860,"San Andreas (North Branch Mill Creek), Subsection 8",2.0E-4,1.2E-4,1.6E-4,1.6E-4,2.0E-4,1.2E-4
1861,"San Andreas (North Branch Mill Creek), Subsection 9",2.0E-4,1.2E-4,1.6E-4,1.6E-4,2.0E-4,1.2E-4
1862,"San Andreas (North Branch Mill Creek), Subsection 10",2.0E-4,1.2E-4,1.6E-4,1.6E-4,2.0E-4,1.2E-4
1863,"San Andreas (North Branch Mill Creek), Subsection 11",2.0E-4,1.2E-4,1.6E-4,1.6E-4,2.0E-4,1.2E-4
1864,"San Andreas (North Coast) 2011 CFM, Subsection 0",2.0E-4,8.0E-5,1.6E-4,2.0E-4,2.0E-4,8.0E-5
1865,"San Andreas (North Coast) 2011 CFM, Subsection 1",2.4E-4,8.0E-5,1.6E-4,2.0E-4,2.0E-4,8.0E-5
1866,"San Andreas (North Coast) 2011 CFM, Subsection 2",2.0E-4,8.0E-5,1.6E-4,2.0E-4,2.0E-4,4.0E-5
1867,"San Andreas (North Coast) 2011 CFM, Subsection 3",1.6E-4,8.0E-5,1.6E-4,1.6E-4,1.6E-4,4.0E-5
1868,"San Andreas (North Coast) 2011 CFM, Subsection 4",1.2E-4,4.0E-5,1.2E-4,1.2E-4,1.2E-4,4.0E-5
1869,"San Andreas (North Coast) 2011 CFM, Subsection 5",1.2E-4,4.0E-5,1.2E-4,1.2E-4,1.2E-4,4.0E-5
1870,"San Andreas (North Coast) 2011 CFM, Subsection 6",1.2E-4,4.0E-5,1.2E-4,1.2E-4,1.2E-4,4.0E-5
1871,"San Andreas (North Coast) 2011 CFM, Subsection 7",1.2E-4,4.0E-5,1.2E-4,1.2E-4,1.2E-4,4.0E-5
1872,"San Andreas (North Coast) 2011 CFM, Subsection 8",1.2E-4,4.0E-5,1.2E-4,1.2E-4,1.2E-4,4.0E-5
1873,"San Andreas (North Coast) 2011 CFM, Subsection 9",1.2E-4,4.0E-5,1.2E-4,1.2E-4,1.2E-4,4.0E-5
1874,"San Andreas (North Coast) 2011 CFM, Subsection 10",1.2E-4,4.0E-5,1.2E-4,1.2E-4,1.2E-4,4.0E-5
1875,"San Andreas (North Coast) 2011 CFM, Subsection 11",1.2E-4,4.0E-5,1.2E-4,1.2E-4,1.2E-4,4.0E-5
1876,"San Andreas (North Coast) 2011 CFM, Subsection 12",1.2E-4,4.0E-5,1.2E-4,1.2E-4,1.2E-4,4.0E-5
1877,"San Andreas (North Coast) 2011 CFM, Subsection 13",1.2E-4,4.0E-5,1.2E-4,1.2E-4,1.2E-4,4.0E-5
1878,"San Andreas (North Coast) 2011 CFM, Subsection 14",1.2E-4,4.0E-5,1.2E-4,1.2E-4,1.2E-4,4.0E-5
1879,"San Andreas (North Coast) 2011 CFM, Subsection 15",1.2E-4,4.0E-5,1.2E-4,1.2E-4,1.2E-4,4.0E-5
1880,"San Andreas (North Coast) 2011 CFM, Subsection 16",1.2E-4,4.0E-5,1.2E-4,1.2E-4,1.2E-4,4.0E-5
1881,"San Andreas (North Coast) 2011 CFM, Subsection 17",1.2E-4,4.0E-5,1.2E-4,1.2E-4,1.2E-4,4.0E-5
1882,"San Andreas (North Coast) 2011 CFM, Subsection 18",1.2E-4,4.0E-5,1.2E-4,1.2E-4,1.2E-4,4.0E-5
1883,"San Andreas (North Coast) 2011 CFM, Subsection 19",1.2E-4,4.0E-5,1.2E-4,1.2E-4,1.2E-4,4.0E-5
1884,"San Andreas (North Coast) 2011 CFM, Subsection 20",1.2E-4,4.0E-5,1.2E-4,1.2E-4,1.2E-4,4.0E-5
1885,"San Andreas (North Coast) 2011 CFM, Subsection 21",1.2E-4,4.0E-5,1.2E-4,1.2E-4,1.2E-4,4.0E-5
1886,"San Andreas (North Coast) 2011 CFM, Subsection 22",1.2E-4,4.0E-5,1.2E-4,1.2E-4,1.2E-4,4.0E-5
1887,"San Andreas (North Coast) 2011 CFM, Subsection 23",1.2E-4,4.0E-5,1.2E-4,1.2E-4,1.2E-4,4.0E-5
1888,"San Andreas (North Coast) 2011 CFM, Subsection 24",1.2E-4,4.0E-5,1.2E-4,1.2E-4,1.2E-4,4.0E-5
1889,"San Andreas (North Coast) 2011 CFM, Subsection 25",1.2E-4,4.0E-5,1.2E-4,1.2E-4,1.2E-4,4.0E-5
1890,"San Andreas (North Coast) 2011 CFM, Subsection 26",1.2E-4,4.0E-5,1.2E-4,1.2E-4,1.2E-4,4.0E-5
1891,"San Andreas (North Coast) 2011 CFM, Subsection 27",1.2E-4,4.0E-5,1.2E-4,1.2E-4,1.2E-4,4.0E-5
1892,"San Andreas (North Coast) 2011 CFM, Subsection 28",1.2E-4,4.0E-5,1.2E-4,1.2E-4,1.2E-4,4.0E-5
1893,"San Andreas (North Coast) 2011 CFM, Subsection 29",1.2E-4,4.0E-5,1.2E-4,1.2E-4,1.2E-4,4.0E-5
1894,"San Andreas (North Coast) 2011 CFM, Subsection 30",8.0E-5,4.0E-5,8.0E-5,8.0E-5,8.0E-5,4.0E-5
1895,"San Andreas (North Coast) 2011 CFM, Subsection 31",8.0E-5,4.0E-5,8.0E-5,8.0E-5,8.0E-5,4.0E-5
1896,"San Andreas (Offshore) 2011 CFM, Subsection 0",8.0E-5,4.0E-5,8.0E-5,8.0E-5,8.0E-5,4.0E-5
1897,"San Andreas (Offshore) 2011 CFM, Subsection 1",8.0E-5,4.0E-5,8.0E-5,8.0E-5,8.0E-5,4.0E-5
1898,"San Andreas (Offshore) 2011 CFM, Subsection 2",8.0E-5,4.0E-5,8.0E-5,8.0E-5,8.0E-5,4.0E-5
1899,"San Andreas (Offshore) 2011 CFM, Subsection 3",8.0E-5,4.0E-5,8.0E-5,8.0E-5,8.0E-5,4.0E-5
1900,"San Andreas (Offshore) 2011 CFM, Subsection 4",8.0E-5,4.0E-5,8.0E-5,8.0E-5,8.0E-5,4.0E-5
1901,"San Andreas (Offshore) 2011 CFM, Subsection 5",8.0E-5,4.0E-5,8.0E-5,8.0E-5,8.0E-5,4.0E-5
1902,"San Andreas (Offshore) 2011 CFM, Subsection 6",8.0E-5,4.0E-5,8.0E-5,8.0E-5,8.0E-5,4.0E-5
1903,"San Andreas (Offshore) 2011 CFM, Subsection 7",8.0E-5,4.0E-5,8.0E-5,8.0E-5,8.0E-5,4.0E-5
1904,"San Andreas (Offshore) 2011 CFM, Subsection 8",8.0E-5,4.0E-5,8.0E-5,8.0E-5,8.0E-5,4.0E-5
1905,"San Andreas (Offshore) 2011 CFM, Subsection 9",8.0E-5,4.0E-5,8.0E-5,8.0E-5,8.0E-5,4.0E-5
1906,"San Andreas (Offshore) 2011 CFM, Subsection 10",8.0E-5,4.0E-5,8.0E-5,8.0E-5,8.0E-5,4.0E-5
1907,"San Andreas (Offshore) 2011 CFM, Subsection 11",8.0E-5,4.0E-5,8.0E-5,8.0E-5,8.0E-5,4.0E-5
1908,"San Andreas (Offshore) 2011 CFM, Subsection 12",8.0E-5,4.0E-5,8.0E-5,8.0E-5,8.0E-5,4.0E-5
1909,"San Andreas (Offshore) 2011 CFM, Subsection 13",8.0E-5,4.0E-5,8.0E-5,8.0E-5,8.0E-5,4.0E-5
1910,"San Andreas (Offshore) 2011 CFM, Subsection 14",8.0E-5,4.0E-5,8.0E-5,8.0E-5,8.0E-5,4.0E-5
1911,"San Andreas (Offshore) 2011 CFM, Subsection 15",8.0E-5,4.0E-5,8.0E-5,8.0E-5,8.0E-5,4.0E-5
1912,"San Andreas (Offshore) 2011 CFM, Subsection 16",8.0E-5,4.0E-5,8.0E-5,8.0E-5,8.0E-5,4.0E-5
1913,"San Andreas (Offshore) 2011 CFM, Subsection 17",8.0E-5,4.0E-5,8.0E-5,8.0E-5,8.0E-5,4.0E-5
1914,"San Andreas (Offshore) 2011 CFM, Subsection 18",8.0E-5,4.0E-5,8.0E-5,8.0E-5,8.0E-5,4.0E-5
1915,"San Andreas (Offshore) 2011 CFM, Subsection 19",4.0E-5,0.0,4.0E-5,4.0E-5,4.0E-5,0.0
1916,"San Andreas (Offshore) 2011 CFM, Subsection 20",4.0E-5,0.0,4.0E-5,4.0E-5,4.0E-5,0.0
1917,"San Andreas (Offshore) 2011 CFM, Subsection 21",4.0E-5,0.0,4.0E-5,4.0E-5,4.0E-5,0.0
1918,"San Andreas (Offshore) 2011 CFM, Subsection 22",4.0E-5,0.0,4.0E-5,4.0E-5,4.0E-5,0.0
1919,"San Andreas (Offshore) 2011 CFM, Subsection 23",4.0E-5,0.0,4.0E-5,4.0E-5,4.0E-5,0.0
1920,"San Andreas (Parkfield), Subsection 0",0.0026,9.2E-4,0.00136,0.00168,0.0026,8.4E-4
1921,"San Andreas (Parkfield), Subsection 1",0.0026,9.2E-4,0.00136,0.00168,0.0026,8.4E-4
1922,"San Andreas (Parkfield), Subsection 2",0.00248,8.8E-4,0.00128,0.0016,0.00248,7.6E-4
1923,"San Andreas (Parkfield), Subsection 3",0.00228,7.6E-4,0.00112,0.0014,0.00228,7.6E-4
1924,"San Andreas (Parkfield), Subsection 4",0.00212,7.2E-4,0.00104,0.00132,0.00212,7.2E-4
1925,"San Andreas (Parkfield), Subsection 5",0.00192,6.4E-4,9.6E-4,0.0012,0.00192,6.4E-4
1926,"San Andreas (Parkfield), Subsection 6",0.0018,6.0E-4,9.2E-4,0.00116,0.0018,6.0E-4
1927,"San Andreas (Parkfield), Subsection 7",0.00172,5.6E-4,8.8E-4,0.00112,0.00172,5.6E-4
1928,"San Andreas (Peninsula) 2011 CFM, Subsection 0",2.8E-4,8.0E-5,1.6E-4,2.4E-4,2.8E-4,8.0E-5
1929,"San Andreas (Peninsula) 2011 CFM, Subsection 1",2.8E-4,8.0E-5,1.6E-4,2.4E-4,2.8E-4,8.0E-5
1930,"San Andreas (Peninsula) 2011 CFM, Subsection 2",2.4E-4,8.0E-5,1.6E-4,2.0E-4,2.4E-4,8.0E-5
1931,"San Andreas (Peninsula) 2011 CFM, Subsection 3",2.0E-4,8.0E-5,1.6E-4,2.0E-4,2.0E-4,8.0E-5
1932,"San Andreas (Peninsula) 2011 CFM, Subsection 4",2.0E-4,8.0E-5,1.6E-4,2.0E-4,2.0E-4,8.0E-5
1933,"San Andreas (Peninsula) 2011 CFM, Subsection 5",2.0E-4,8.0E-5,1.6E-4,2.0E-4,2.0E-4,8.0E-5
1934,"San Andreas (Peninsula) 2011 CFM, Subsection 6",2.0E-4,8.0E-5,1.6E-4,2.0E-4,2.0E-4,8.0E-5
1935,"San Andreas (Peninsula) 2011 CFM, Subsection 7",2.0E-4,8.0E-5,1.6E-4,2.0E-4,2.0E-4,8.0E-5
1936,"San Andreas (Peninsula) 2011 CFM, Subsection 8",2.0E-4,8.0E-5,1.6E-4,2.0E-4,2.0E-4,8.0E-5
1937,"San Andreas (Peninsula) 2011 CFM, Subsection 9",2.0E-4,8.0E-5,1.6E-4,2.0E-4,2.0E-4,8.0E-5
1938,"San Andreas (Peninsula) 2011 CFM, Subsection 10",2.0E-4,8.0E-5,1.6E-4,2.0E-4,2.0E-4,8.0E-5
1939,"San Andreas (Peninsula) 2011 CFM, Subsection 11",2.0E-4,8.0E-5,1.6E-4,2.0E-4,2.0E-4,8.0E-5
1940,"San Andreas (Peninsula) 2011 CFM, Subsection 12",2.0E-4,8.0E-5,1.6E-4,2.0E-4,2.0E-4,8.0E-5
1941,"San Andreas (Peninsula) 2011 CFM, Subsection 13",2.0E-4,8.0E-5,1.6E-4,2.0E-4,2.0E-4,8.0E-5
1942,"San Andreas (Peninsula) 2011 CFM, Subsection 14",2.0E-4,8.0E-5,1.6E-4,2.0E-4,2.0E-4,8.0E-5
1943,"San Andreas (Peninsula) 2011 CFM, Subsection 15",2.0E-4,8.0E-5,1.6E-4,2.0E-4,2.0E-4,8.0E-5
1944,"San Andreas (San Bernardino N), Subsection 0",0.005,0.0018,0.00276,0.00324,0.005,0.00148
1945,"San Andreas (San Bernardino N), Subsection 1",0.005,0.0018,0.00276,0.00324,0.005,0.00148
1946,"San Andreas (San Bernardino N), Subsection 2",0.00384,0.00144,0.00224,0.00248,0.00384,0.0012
1947,"San Andreas (San Bernardino N), Subsection 3",0.00368,0.00144,0.0022,0.00244,0.00368,0.0012
1948,"San Andreas (San Bernardino N), Subsection 4",0.00344,0.0014,0.00204,0.00228,0.00344,0.00116
1949,"San Andreas (San Bernardino N), Subsection 5",0.00328,0.00132,0.00196,0.0022,0.00328,0.00116
1950,"San Andreas (San Bernardino S), Subsection 0",0.0026,0.00104,0.00148,0.00172,0.0026,9.2E-4
1951,"San Andreas (San Bernardino S), Subsection 1",0.0026,0.00104,0.00148,0.00172,0.0026,9.2E-4
1952,"San Andreas (San Bernardino S), Subsection 2",0.00252,0.00104,0.00148,0.00168,0.00252,9.2E-4
1953,"San Andreas (San Bernardino S), Subsection 3",0.00236,0.00104,0.00144,0.00164,0.00236,8.4E-4
1954,"San Andreas (San Bernardino S), Subsection 4",0.00224,9.6E-4,0.00136,0.00156,0.00224,7.6E-4
1955,"San Andreas (San Bernardino S), Subsection 5",0.00196,9.2E-4,0.00128,0.00144,0.00196,7.2E-4
1956,"San Andreas (San Bernardino S), Subsection 6",0.00176,8.0E-4,0.00116,0.00128,0.00176,6.4E-4
1957,"San Andreas (San Gorgonio Pass-Garnet HIll), Subsection 0",0.00136,5.6E-4,8.8E-4,9.2E-4,0.00136,4.4E-4
1958,"San Andreas (San Gorgonio Pass-Garnet HIll), Subsection 1",0.00136,5.6E-4,8.8E-4,9.2E-4,0.00136,4.4E-4
1959,"San Andreas (San Gorgonio Pass-Garnet HIll), Subsection 2",0.0014,6.0E-4,9.2E-4,9.6E-4,0.0014,4.8E-4
1960,"San Andreas (San Gorgonio Pass-Garnet HIll), Subsection 3",0.00148,6.0E-4,9.6E-4,0.00104,0.00148,4.8E-4
1961,"San Andreas (San Gorgonio Pass-Garnet HIll), Subsection 4",0.00156,6.4E-4,0.001,0.00112,0.00156,5.2E-4
1962,"San Andreas (San Gorgonio Pass-Garnet HIll), Subsection 5",0.00164,6.8E-4,0.00108,0.0012,0.00164,5.6E-4
1963,"San Andreas (San Gorgonio Pass-Garnet HIll), Subsection 6",0.00184,8.0E-4,0.0012,0.00132,0.00184,6.4E-4
1964,"San Andreas (San Gorgonio Pass-Garnet HIll), Subsection 7",0.00184,8.0E-4,0.0012,0.00132,0.00184,6.4E-4
1965,"San Andreas (Santa Cruz Mts) 2011 CFM, Subsection 0",3.2E-4,8.0E-5,1.6E-4,2.8E-4,3.2E-4,8.0E-5
1966,"San Andreas (Santa Cruz Mts) 2011 CFM, Subsection 1",3.2E-4,8.0E-5,1.6E-4,2.8E-4,3.2E-4,8.0E-5
1967,"San Andreas (Santa Cruz Mts) 2011 CFM, Subsection 2",3.2E-4,8.0E-5,1.6E-4,2.8E-4,3.2E-4,8.0E-5
1968,"San Andreas (Santa Cruz Mts) 2011 CFM, Subsection 3",3.2E-4,8.0E-5,1.6E-4,2.8E-4,3.2E-4,8.0E-5
1969,"San Andreas (Santa Cruz Mts) 2011 CFM, Subsection 4",3.2E-4,8.0E-5,1.6E-4,2.8E-4,3.2E-4,8.0E-5
1970,"San Andreas (Santa Cruz Mts) 2011 CFM, Subsection 5",3.6E-4,8.0E-5,1.6E-4,3.2E-4,3.6E-4,8.0E-5
1971,"San Andreas (Santa Cruz Mts) 2011 CFM, Subsection 6",4.0E-4,1.2E-4,2.0E-4,3.6E-4,4.0E-4,8.0E-5
1972,"San Andreas (Santa Cruz Mts) 2011 CFM, Subsection 7",4.0E-4,1.2E-4,2.0E-4,3.6E-4,4.0E-4,8.0E-5
1973,"San Andreas (Santa Cruz Mts) 2011 CFM, Subsection 8",4.0E-4,1.2E-4,2.0E-4,3.6E-4,4.0E-4,8.0E-5
1974,"San Cayetano, Subsection 0",8.0E-5,4.0E-5,8.0E-5,8.0E-5,8.0E-5,4.0E-5
1975,"San Cayetano, Subsection 1",1.2E-4,4.0E-5,8.0E-5,8.0E-5,1.2E-4,4.0E-5
1976,"San Cayetano, Subsection 2",1.2E-4,4.0E-5,8.0E-5,8.0E-5,1.2E-4,4.0E-5
1977,"San Cayetano, Subsection 3",1.2E-4,0.0,4.0E-5,4.0E-5,8.0E-5,4.0E-5
1978,"San Clemente, Subsection 0",0.0,0.0,0.0,0.0,0.0,0.0
1979,"San Clemente, Subsection 1",0.0,0.0,0.0,0.0,0.0,0.0
1980,"San Clemente, Subsection 2",0.0,0.0,0.0,0.0,0.0,0.0
1981,"San Clemente, Subsection 3",0.0,0.0,0.0,0.0,0.0,0.0
1982,"San Clemente, Subsection 4",0.0,0.0,0.0,0.0,0.0,0.0
1983,"San Clemente, Subsection 5",0.0,0.0,0.0,0.0,0.0,0.0
1984,"San Clemente, Subsection 6",0.0,0.0,0.0,0.0,0.0,0.0
1985,"San Clemente, Subsection 7",0.0,0.0,0.0,0.0,0.0,0.0
1986,"San Clemente, Subsection 8",0.0,0.0,0.0,0.0,0.0,0.0
1987,"San Clemente, Subsection 9",0.0,0.0,0.0,0.0,0.0,0.0
1988,"San Clemente, Subsection 10",0.0,0.0,0.0,0.0,0.0,0.0
1989,"San Clemente, Subsection 11",0.0,0.0,0.0,0.0,0.0,0.0
1990,"San Clemente, Subsection 12",0.0,0.0,0.0,0.0,0.0,0.0
1991,"San Clemente, Subsection 13",0.0,0.0,0.0,0.0,0.0,0.0
1992,"San Clemente, Subsection 14",0.0,0.0,0.0,0.0,0.0,0.0
1993,"San Clemente, Subsection 15",0.0,0.0,0.0,0.0,0.0,0.0
1994,"San Clemente, Subsection 16",0.0,0.0,0.0,0.0,0.0,0.0
1995,"San Clemente, Subsection 17",0.0,0.0,0.0,0.0,0.0,0.0
1996,"San Clemente, Subsection 18",0.0,0.0,0.0,0.0,0.0,0.0
1997,"San Clemente, Subsection 19",0.0,0.0,0.0,0.0,0.0,0.0
1998,"San Clemente, Subsection 20",0.0,0.0,0.0,0.0,0.0,0.0
1999,"San Clemente, Subsection 21",0.0,0.0,0.0,0.0,0.0,0.0
2000,"San Clemente, Subsection 22",0.0,0.0,0.0,0.0,0.0,0.0
2001,"San Clemente, Subsection 23",0.0,0.0,0.0,0.0,0.0,0.0
2002,"San Clemente, Subsection 24",0.0,0.0,0.0,0.0,0.0,0.0
2003,"San Clemente, Subsection 25",0.0,0.0,0.0,0.0,0.0,0.0
2004,"San Clemente, Subsection 26",0.0,0.0,0.0,0.0,0.0,0.0
2005,"San Clemente, Subsection 27",0.0,0.0,0.0,0.0,0.0,0.0
2006,"San Clemente, Subsection 28",0.0,0.0,0.0,0.0,0.0,0.0
2007,"San Clemente, Subsection 29",0.0,0.0,0.0,0.0,0.0,0.0
2008,"San Clemente, Subsection 30",0.0,0.0,0.0,0.0,0.0,0.0
2009,"San Clemente, Subsection 31",0.0,0.0,0.0,0.0,0.0,0.0
2010,"San Clemente, Subsection 32",0.0,0.0,0.0,0.0,0.0,0.0
2011,"San Clemente, Subsection 33",0.0,0.0,0.0,0.0,0.0,0.0
2012,"San Clemente, Subsection 34",0.0,0.0,0.0,0.0,0.0,0.0
2013,"San Clemente, Subsection 35",0.0,0.0,0.0,0.0,0.0,0.0
2014,"San Clemente, Subsection 36",0.0,0.0,0.0,0.0,0.0,0.0
2015,"San Clemente, Subsection 37",0.0,0.0,0.0,0.0,0.0,0.0
2016,"San Clemente, Subsection 38",0.0,0.0,0.0,0.0,0.0,0.0
2017,"San Clemente, Subsection 39",0.0,0.0,0.0,0.0,0.0,0.0
2018,"San Clemente, Subsection 40",0.0,0.0,0.0,0.0,0.0,0.0
2019,"San Clemente, Subsection 41",0.0,0.0,0.0,0.0,0.0,0.0
2020,"San Clemente, Subsection 42",0.0,0.0,0.0,0.0,0.0,0.0
2021,"San Clemente, Subsection 43",0.0,0.0,0.0,0.0,0.0,0.0
2022,"San Clemente, Subsection 44",0.0,0.0,0.0,0.0,0.0,0.0
2023,"San Diego Trough north alt1, Subsection 0",0.0,0.0,0.0,0.0,0.0,0.0
2024,"San Diego Trough north alt1, Subsection 1",0.0,0.0,0.0,0.0,0.0,0.0
2025,"San Diego Trough north alt1, Subsection 2",0.0,0.0,0.0,0.0,0.0,0.0
2026,"San Diego Trough north alt1, Subsection 3",0.0,0.0,0.0,0.0,0.0,0.0
2027,"San Diego Trough north alt1, Subsection 4",0.0,0.0,0.0,0.0,0.0,0.0
2028,"San Diego Trough north alt1, Subsection 5",0.0,0.0,0.0,0.0,0.0,0.0
2029,"San Diego Trough north alt1, Subsection 6",0.0,0.0,0.0,0.0,0.0,0.0
2030,"San Diego Trough north alt1, Subsection 7",0.0,0.0,0.0,0.0,0.0,0.0
2031,"San Diego Trough north alt1, Subsection 8",0.0,0.0,0.0,0.0,0.0,0.0
2032,"San Diego Trough north alt1, Subsection 9",0.0,0.0,0.0,0.0,0.0,0.0
2033,"San Diego Trough north alt1, Subsection 10",0.0,0.0,0.0,0.0,0.0,0.0
2034,"San Diego Trough north alt1, Subsection 11",0.0,0.0,0.0,0.0,0.0,0.0
2035,"San Diego Trough north alt1, Subsection 12",0.0,0.0,0.0,0.0,0.0,0.0
2036,"San Diego Trough north alt1, Subsection 13",0.0,0.0,0.0,0.0,0.0,0.0
2037,"San Diego Trough north alt1, Subsection 14",0.0,0.0,0.0,0.0,0.0,0.0
2038,"San Diego Trough north alt1, Subsection 15",0.0,0.0,0.0,0.0,0.0,0.0
2039,"San Diego Trough north alt1, Subsection 16",0.0,0.0,0.0,0.0,0.0,0.0
2040,"San Diego Trough north alt1, Subsection 17",0.0,0.0,0.0,0.0,0.0,0.0
2041,"San Diego Trough north alt1, Subsection 18",0.0,0.0,0.0,0.0,0.0,0.0
2042,"San Diego Trough north alt1, Subsection 19",0.0,0.0,0.0,0.0,0.0,0.0
2043,"San Diego Trough north alt1, Subsection 20",0.0,0.0,0.0,0.0,0.0,0.0
2044,"San Diego Trough north alt1, Subsection 21",0.0,0.0,0.0,0.0,0.0,0.0
2045,"San Diego Trough north alt1, Subsection 22",0.0,0.0,0.0,0.0,0.0,0.0
2046,"San Diego Trough north alt1, Subsection 23",0.0,0.0,0.0,0.0,0.0,0.0
2047,"San Diego Trough north alt1, Subsection 24",0.0,0.0,0.0,0.0,0.0,0.0
2048,"San Diego Trough north alt1, Subsection 25",0.0,0.0,0.0,0.0,0.0,0.0
2049,"San Diego Trough north alt1, Subsection 26",0.0,0.0,0.0,0.0,0.0,0.0
2050,"San Diego Trough north alt1, Subsection 27",0.0,0.0,0.0,0.0,0.0,0.0
2051,"San Diego Trough north alt1, Subsection 28",0.0,0.0,0.0,0.0,0.0,0.0
2052,"San Diego Trough north alt1, Subsection 29",0.0,0.0,0.0,0.0,0.0,0.0
2053,"San Diego Trough north alt1, Subsection 30",0.0,0.0,0.0,0.0,0.0,0.0
2054,"San Diego Trough north alt1, Subsection 31",0.0,0.0,0.0,0.0,0.0,0.0
2055,"San Diego Trough north alt1, Subsection 32",0.0,0.0,0.0,0.0,0.0,0.0
2056,"San Diego Trough north alt1, Subsection 33",0.0,0.0,0.0,0.0,0.0,0.0
2057,"San Diego Trough south, Subsection 0",0.0,0.0,0.0,0.0,0.0,0.0
2058,"San Diego Trough south, Subsection 1",0.0,0.0,0.0,0.0,0.0,0.0
2059,"San Diego Trough south, Subsection 2",0.0,0.0,0.0,0.0,0.0,0.0
2060,"San Diego Trough south, Subsection 3",0.0,0.0,0.0,0.0,0.0,0.0
2061,"San Diego Trough south, Subsection 4",0.0,0.0,0.0,0.0,0.0,0.0
2062,"San Diego Trough south, Subsection 5",0.0,0.0,0.0,0.0,0.0,0.0
2063,"San Diego Trough south, Subsection 6",0.0,0.0,0.0,0.0,0.0,0.0
2064,"San Diego Trough south, Subsection 7",0.0,0.0,0.0,0.0,0.0,0.0
2065,"San Diego Trough south, Subsection 8",0.0,0.0,0.0,0.0,0.0,0.0
2066,"San Diego Trough south, Subsection 9",0.0,0.0,0.0,0.0,0.0,0.0
2067,"San Diego Trough south, Subsection 10",0.0,0.0,0.0,0.0,0.0,0.0
2068,"San Diego Trough south, Subsection 11",0.0,0.0,0.0,0.0,0.0,0.0
2069,"San Diego Trough south, Subsection 12",0.0,0.0,0.0,0.0,0.0,0.0
2070,"San Diego Trough south, Subsection 13",0.0,0.0,0.0,0.0,0.0,0.0
2071,"San Diego Trough south, Subsection 14",0.0,0.0,0.0,0.0,0.0,0.0
2072,"San Diego Trough south, Subsection 15",0.0,0.0,0.0,0.0,0.0,0.0
2073,"San Diego Trough south, Subsection 16",0.0,0.0,0.0,0.0,0.0,0.0
2074,"San Diego Trough south, Subsection 17",0.0,0.0,0.0,0.0,0.0,0.0
2075,"San Diego Trough south, Subsection 18",0.0,0.0,0.0,0.0,0.0,0.0
2076,"San Diego Trough south, Subsection 19",0.0,0.0,0.0,0.0,0.0,0.0
2077,"San Diego Trough south, Subsection 20",0.0,0.0,0.0,0.0,0.0,0.0
2078,"San Diego Trough south, Subsection 21",0.0,0.0,0.0,0.0,0.0,0.0
2079,"San Diego Trough south, Subsection 22",0.0,0.0,0.0,0.0,0.0,0.0
2080,"San Diego Trough south, Subsection 23",0.0,0.0,0.0,0.0,0.0,0.0
2081,"San Diego Trough south, Subsection 24",0.0,0.0,0.0,0.0,0.0,0.0
2082,"San Diego Trough south, Subsection 25",0.0,0.0,0.0,0.0,0.0,0.0
2083,"San Diego Trough south, Subsection 26",0.0,0.0,0.0,0.0,0.0,0.0
2084,"San Diego Trough south, Subsection 27",0.0,0.0,0.0,0.0,0.0,0.0
2085,"San Diego Trough south, Subsection 28",0.0,0.0,0.0,0.0,0.0,0.0
2086,"San Diego Trough south, Subsection 29",0.0,0.0,0.0,0.0,0.0,0.0
2087,"San Diego Trough south, Subsection 30",0.0,0.0,0.0,0.0,0.0,0.0
2088,"San Diego Trough south, Subsection 31",0.0,0.0,0.0,0.0,0.0,0.0
2089,"San Diego Trough south, Subsection 32",0.0,0.0,0.0,0.0,0.0,0.0
2090,"San Diego Trough south, Subsection 33",0.0,0.0,0.0,0.0,0.0,0.0
2091,"San Diego Trough south, Subsection 34",0.0,0.0,0.0,0.0,0.0,0.0
2092,"San Diego Trough south, Subsection 35",0.0,0.0,0.0,0.0,0.0,0.0
2093,"San Diego Trough south, Subsection 36",0.0,0.0,0.0,0.0,0.0,0.0
2094,"San Diego Trough south, Subsection 37",0.0,0.0,0.0,0.0,0.0,0.0
2095,"San Gabriel, Subsection 0",0.0,0.0,0.0,0.0,0.0,0.0
2096,"San Gabriel, Subsection 1",0.0,0.0,0.0,0.0,0.0,0.0
2097,"San Gabriel, Subsection 2",0.0,0.0,0.0,0.0,0.0,0.0
2098,"San Gabriel, Subsection 3",0.0,0.0,0.0,0.0,0.0,0.0
2099,"San Gabriel, Subsection 4",0.0,0.0,0.0,0.0,0.0,0.0
2100,"San Gabriel, Subsection 5",0.0,0.0,0.0,0.0,0.0,0.0
2101,"San Gabriel, Subsection 6",0.0,0.0,0.0,0.0,0.0,0.0
2102,"San Gabriel, Subsection 7",0.0,0.0,0.0,0.0,0.0,0.0
2103,"San Gabriel, Subsection 8",0.0,0.0,0.0,0.0,0.0,0.0
2104,"San Gabriel (Extension), Subsection 0",0.0,0.0,0.0,0.0,0.0,0.0
2105,"San Gabriel (Extension), Subsection 1",0.0,0.0,0.0,0.0,0.0,0.0
2106,"San Gabriel (Extension), Subsection 2",0.0,0.0,0.0,0.0,0.0,0.0
2107,"San Gabriel (Extension), Subsection 3",0.0,0.0,0.0,0.0,0.0,0.0
2108,"San Gabriel (Extension), Subsection 4",0.0,0.0,0.0,0.0,0.0,0.0
2109,"San Gabriel (Extension), Subsection 5",0.0,0.0,0.0,0.0,0.0,0.0
2110,"San Gabriel (Extension), Subsection 6",0.0,0.0,0.0,0.0,0.0,0.0
2111,"San Gabriel (Extension), Subsection 7",0.0,0.0,0.0,0.0,0.0,0.0
2112,"San Gorgonio Pass, Subsection 0",1.2E-4,4.0E-5,8.0E-5,8.0E-5,1.2E-4,0.0
2113,"San Gorgonio Pass, Subsection 1",1.2E-4,4.0E-5,8.0E-5,8.0E-5,1.2E-4,0.0
2114,"San Gorgonio Pass, Subsection 2",1.2E-4,4.0E-5,8.0E-5,8.0E-5,1.2E-4,0.0
2115,"San Gregorio (North) 2011 CFM, Subsection 0",4.0E-5,4.0E-5,4.0E-5,4.0E-5,4.0E-5,0.0
2116,"San Gregorio (North) 2011 CFM, Subsection 1",4.0E-5,4.0E-5,4.0E-5,4.0E-5,4.0E-5,0.0
2117,"San Gregorio (North) 2011 CFM, Subsection 2",4.0E-5,4.0E-5,4.0E-5,4.0E-5,4.0E-5,0.0
2118,"San Gregorio (North) 2011 CFM, Subsection 3",4.0E-5,4.0E-5,4.0E-5,4.0E-5,4.0E-5,0.0
2119,"San Gregorio (North) 2011 CFM, Subsection 4",4.0E-5,4.0E-5,4.0E-5,4.0E-5,4.0E-5,0.0
2120,"San Gregorio (North) 2011 CFM, Subsection 5",4.0E-5,4.0E-5,4.0E-5,4.0E-5,4.0E-5,0.0
2121,"San Gregorio (North) 2011 CFM, Subsection 6",4.0E-5,4.0E-5,4.0E-5,4.0E-5,4.0E-5,0.0
2122,"San Gregorio (North) 2011 CFM, Subsection 7",4.0E-5,4.0E-5,4.0E-5,4.0E-5,4.0E-5,0.0
2123,"San Gregorio (North) 2011 CFM, Subsection 8",4.0E-5,4.0E-5,4.0E-5,4.0E-5,4.0E-5,0.0
2124,"San Gregorio (North) 2011 CFM, Subsection 9",4.0E-5,4.0E-5,4.0E-5,4.0E-5,4.0E-5,0.0
2125,"San Gregorio (North) 2011 CFM, Subsection 10",4.0E-5,4.0E-5,4.0E-5,4.0E-5,4.0E-5,0.0
2126,"San Gregorio (North) 2011 CFM, Subsection 11",4.0E-5,4.0E-5,4.0E-5,4.0E-5,4.0E-5,0.0
2127,"San Gregorio (North) 2011 CFM, Subsection 12",4.0E-5,4.0E-5,4.0E-5,4.0E-5,4.0E-5,0.0
2128,"San Gregorio (North) 2011 CFM, Subsection 13",8.0E-5,4.0E-5,4.0E-5,4.0E-5,8.0E-5,0.0
2129,"San Gregorio (North) 2011 CFM, Subsection 14",8.0E-5,4.0E-5,4.0E-5,4.0E-5,8.0E-5,0.0
2130,"San Gregorio (North) 2011 CFM, Subsection 15",8.0E-5,4.0E-5,4.0E-5,4.0E-5,8.0E-5,0.0
2131,"San Gregorio (North) 2011 CFM, Subsection 16",8.0E-5,4.0E-5,4.0E-5,4.0E-5,8.0E-5,0.0
2132,"San Gregorio (North) 2011 CFM, Subsection 17",8.0E-5,4.0E-5,4.0E-5,4.0E-5,8.0E-5,0.0
2133,"San Gregorio (North) 2011 CFM, Subsection 18",8.0E-5,4.0E-5,4.0E-5,4.0E-5,8.0E-5,0.0
2134,"San Gregorio (North) 2011 CFM, Subsection 19",8.0E-5,4.0E-5,4.0E-5,4.0E-5,8.0E-5,0.0
2135,"San Gregorio (North) 2011 CFM, Subsection 20",8.0E-5,4.0E-5,4.0E-5,4.0E-5,8.0E-5,0.0
2136,"San Gregorio (North) 2011 CFM, Subsection 21",8.0E-5,4.0E-5,4.0E-5,4.0E-5,8.0E-5,0.0
2137,"San Gregorio (North) 2011 CFM, Subsection 22",8.0E-5,4.0E-5,4.0E-5,4.0E-5,8.0E-5,0.0
2138,"San Gregorio (South) 2011 CFM, Subsection 0",8.0E-5,4.0E-5,4.0E-5,4.0E-5,8.0E-5,0.0
2139,"San Gregorio (South) 2011 CFM, Subsection 1",8.0E-5,4.0E-5,4.0E-5,4.0E-5,8.0E-5,0.0
2140,"San Gregorio (South) 2011 CFM, Subsection 2",8.0E-5,4.0E-5,4.0E-5,4.0E-5,8.0E-5,0.0
2141,"San Gregorio (South) 2011 CFM, Subsection 3",8.0E-5,4.0E-5,4.0E-5,4.0E-5,8.0E-5,0.0
2142,"San Gregorio (South) 2011 CFM, Subsection 4",8.0E-5,4.0E-5,4.0E-5,4.0E-5,8.0E-5,0.0
2143,"San Gregorio (South) 2011 CFM, Subsection 5",8.0E-5,4.0E-5,4.0E-5,4.0E-5,8.0E-5,0.0
2144,"San Gregorio (South) 2011 CFM, Subsection 6",8.0E-5,4.0E-5,4.0E-5,4.0E-5,8.0E-5,0.0
2145,"San Gregorio (South) 2011 CFM, Subsection 7",8.0E-5,4.0E-5,4.0E-5,4.0E-5,8.0E-5,0.0
2146,"San Gregorio (South) 2011 CFM, Subsection 8",8.0E-5,4.0E-5,4.0E-5,4.0E-5,8.0E-5,0.0
2147,"San Gregorio (South) 2011 CFM, Subsection 9",8.0E-5,4.0E-5,4.0E-5,4.0E-5,8.0E-5,0.0
2148,"San Gregorio (South) 2011 CFM, Subsection 10",8.0E-5,4.0E-5,4.0E-5,4.0E-5,8.0E-5,0.0
2149,"San Gregorio (South) 2011 CFM, Subsection 11",8.0E-5,4.0E-5,4.0E-5,4.0E-5,8.0E-5,0.0
2150,"San Gregorio (South) 2011 CFM, Subsection 12",8.0E-5,4.0E-5,4.0E-5,4.0E-5,8.0E-5,0.0
2151,"San Gregorio (South) 2011 CFM, Subsection 13",8.0E-5,4.0E-5,4.0E-5,4.0E-5,8.0E-5,0.0
2152,"San Gregorio (South) 2011 CFM, Subsection 14",8.0E-5,4.0E-5,4.0E-5,4.0E-5,8.0E-5,0.0
2153,"San Jacinto (Anza) rev, Subsection 0",8.4E-4,2.4E-4,4.0E-4,5.6E-4,8.4E-4,2.4E-4
2154,"San Jacinto (Anza) rev, Subsection 1",8.4E-4,2.4E-4,4.0E-4,5.6E-4,8.4E-4,2.4E-4
2155,"San Jacinto (Anza) rev, Subsection 2",8.0E-4,2.4E-4,4.0E-4,5.6E-4,8.0E-4,2.0E-4
2156,"San Jacinto (Anza) rev, Subsection 3",8.0E-4,2.4E-4,4.0E-4,5.6E-4,8.0E-4,2.0E-4
2157,"San Jacinto (Anza) rev, Subsection 4",8.0E-4,2.4E-4,4.0E-4,5.6E-4,8.0E-4,2.0E-4
2158,"San Jacinto (Anza) rev, Subsection 5",7.2E-4,2.4E-4,4.0E-4,5.2E-4,7.2E-4,2.0E-4
2159,"San Jacinto (Borrego), Subsection 0",2.8E-4,8.0E-5,1.6E-4,2.0E-4,2.8E-4,8.0E-5
2160,"San Jacinto (Borrego), Subsection 1",2.8E-4,8.0E-5,1.6E-4,2.0E-4,2.8E-4,8.0E-5
2161,"San Jacinto (Borrego), Subsection 2",2.4E-4,4.0E-5,1.2E-4,1.6E-4,2.4E-4,8.0E-5
2162,"San Jacinto (Borrego), Subsection 3",2.4E-4,4.0E-5,1.2E-4,1.6E-4,2.4E-4,8.0E-5
2163,"San Jacinto (Borrego), Subsection 4",1.6E-4,4.0E-5,4.0E-5,8.0E-5,1.6E-4,8.0E-5
2164,"San Jacinto (Borrego), Subsection 5",1.6E-4,4.0E-5,4.0E-5,8.0E-5,1.6E-4,8.0E-5
2165,"San Jacinto (Clark) rev, Subsection 0",4.4E-4,1.6E-4,2.4E-4,3.2E-4,4.4E-4,1.2E-4
2166,"San Jacinto (Clark) rev, Subsection 1",4.4E-4,1.6E-4,2.4E-4,3.2E-4,4.4E-4,1.2E-4
2167,"San Jacinto (Clark) rev, Subsection 2",4.4E-4,1.6E-4,2.4E-4,3.2E-4,4.4E-4,1.2E-4
2168,"San Jacinto (Clark) rev, Subsection 3",4.0E-4,1.6E-4,2.4E-4,3.2E-4,4.0E-4,1.2E-4
2169,"San Jacinto (Clark) rev, Subsection 4",3.6E-4,1.6E-4,2.4E-4,2.8E-4,3.6E-4,1.2E-4
2170,"San Jacinto (Clark) rev, Subsection 5",3.2E-4,1.2E-4,2.0E-4,2.4E-4,3.2E-4,8.0E-5
2171,"San Jacinto (Coyote Creek), Subsection 0",2.8E-4,8.0E-5,1.6E-4,2.0E-4,2.8E-4,8.0E-5
2172,"San Jacinto (Coyote Creek), Subsection 1",2.8E-4,8.0E-5,1.6E-4,2.0E-4,2.8E-4,8.0E-5
2173,"San Jacinto (Coyote Creek), Subsection 2",2.8E-4,8.0E-5,1.6E-4,2.0E-4,2.8E-4,8.0E-5
2174,"San Jacinto (Coyote Creek), Subsection 3",2.8E-4,8.0E-5,1.6E-4,2.0E-4,2.8E-4,8.0E-5
2175,"San Jacinto (Coyote Creek), Subsection 4",2.8E-4,8.0E-5,1.6E-4,2.0E-4,2.8E-4,8.0E-5
2176,"San Jacinto (Coyote Creek), Subsection 5",2.8E-4,8.0E-5,1.6E-4,2.0E-4,2.8E-4,8.0E-5
2177,"San Jacinto (Lytle Creek connector), Subsection 0",1.6E-4,4.0E-5,4.0E-5,8.0E-5,1.6E-4,4.0E-5
2178,"San Jacinto (Lytle Creek connector), Subsection 1",1.6E-4,4.0E-5,4.0E-5,8.0E-5,1.6E-4,4.0E-5
2179,"San Jacinto (Lytle Creek connector), Subsection 2",1.6E-4,4.0E-5,4.0E-5,8.0E-5,1.6E-4,4.0E-5
2180,"San Jacinto (San Bernardino), Subsection 0",8.4E-4,2.4E-4,4.0E-4,6.0E-4,8.4E-4,2.0E-4
2181,"San Jacinto (San Bernardino), Subsection 1",8.4E-4,2.4E-4,4.0E-4,6.0E-4,8.4E-4,2.0E-4
2182,"San Jacinto (San Bernardino), Subsection 2",8.0E-4,2.0E-4,3.6E-4,5.6E-4,8.0E-4,2.0E-4
2183,"San Jacinto (San Bernardino), Subsection 3",9.6E-4,2.4E-4,4.0E-4,6.4E-4,9.6E-4,2.4E-4
2184,"San Jacinto (San Bernardino), Subsection 4",9.6E-4,2.4E-4,4.0E-4,6.4E-4,9.6E-4,2.4E-4
2185,"San Jacinto (San Jacinto Valley) rev, Subsection 0",9.2E-4,2.4E-4,4.0E-4,6.0E-4,9.2E-4,2.4E-4
2186,"San Jacinto (San Jacinto Valley) rev, Subsection 1",9.2E-4,2.4E-4,4.0E-4,6.0E-4,9.2E-4,2.4E-4
2187,"San Jacinto (San Jacinto Valley) rev, Subsection 2",9.2E-4,2.4E-4,4.0E-4,6.0E-4,9.2E-4,2.4E-4
2188,"San Jacinto (Stepovers Combined), Subsection 0",9.2E-4,2.4E-4,4.0E-4,6.0E-4,9.2E-4,2.4E-4
2189,"San Jacinto (Stepovers Combined), Subsection 1",9.2E-4,2.4E-4,4.0E-4,6.0E-4,9.2E-4,2.4E-4
2190,"San Jacinto (Stepovers Combined), Subsection 2",8.8E-4,2.4E-4,4.0E-4,5.6E-4,8.8E-4,2.4E-4
2191,"San Jacinto (Stepovers Combined), Subsection 3",8.8E-4,2.4E-4,4.0E-4,5.6E-4,8.8E-4,2.4E-4
2192,"San Jacinto (Superstition Mtn), Subsection 0",1.6E-4,4.0E-5,4.0E-5,8.0E-5,1.6E-4,8.0E-5
2193,"San Jacinto (Superstition Mtn), Subsection 1",1.6E-4,4.0E-5,4.0E-5,8.0E-5,1.6E-4,8.0E-5
2194,"San Jacinto (Superstition Mtn), Subsection 2",1.6E-4,4.0E-5,4.0E-5,8.0E-5,1.6E-4,8.0E-5
2195,"San Jacinto (Superstition Mtn), Subsection 3",1.2E-4,4.0E-5,4.0E-5,8.0E-5,1.2E-4,8.0E-5
2196,"San Jacinto (Superstition Mtn), Subsection 4",1.2E-4,4.0E-5,4.0E-5,8.0E-5,1.2E-4,8.0E-5
2197,"San Joaquin Hills, Subsection 0",0.0,0.0,0.0,0.0,0.0,0.0
2198,"San Joaquin Hills, Subsection 1",0.0,0.0,0.0,0.0,0.0,0.0
2199,"San Joaquin Hills, Subsection 2",0.0,0.0,0.0,0.0,0.0,0.0
2200,"San Jose, Subsection 0",0.0,0.0,0.0,0.0,0.0,0.0
2201,"San Jose, Subsection 1",0.0,0.0,0.0,0.0,0.0,0.0
2202,"San Jose, Subsection 2",0.0,0.0,0.0,0.0,0.0,0.0
2203,"San Juan, Subsection 0",0.0,0.0,0.0,0.0,0.0,0.0
2204,"San Juan, Subsection 1",0.0,0.0,0.0,0.0,0.0,0.0
2205,"San Juan, Subsection 2",0.0,0.0,0.0,0.0,0.0,0.0
2206,"San Juan, Subsection 3",0.0,0.0,0.0,0.0,0.0,0.0
2207,"San Juan, Subsection 4",0.0,0.0,0.0,0.0,0.0,0.0
2208,"San Juan, Subsection 5",0.0,0.0,0.0,0.0,0.0,0.0
2209,"San Juan, Subsection 6",0.0,0.0,0.0,0.0,0.0,0.0
2210,"San Juan, Subsection 7",0.0,0.0,0.0,0.0,0.0,0.0
2211,"San Juan, Subsection 8",0.0,0.0,0.0,0.0,0.0,0.0
2212,"San Juan, Subsection 9",0.0,0.0,0.0,0.0,0.0,0.0
2213,"San Juan, Subsection 10",0.0,0.0,0.0,0.0,0.0,0.0
2214,"San Juan, Subsection 11",0.0,0.0,0.0,0.0,0.0,0.0
2215,"San Juan, Subsection 12",0.0,0.0,0.0,0.0,0.0,0.0
2216,"San Luis Range - Oceano 2011 CFM, Subsection 0",0.0,0.0,0.0,0.0,0.0,0.0
2217,"San Luis Range - Oceano 2011 CFM, Subsection 1",0.0,0.0,0.0,0.0,0.0,0.0
2218,"San Luis Range - Oceano 2011 CFM, Subsection 2",0.0,0.0,0.0,0.0,0.0,0.0
2219,"San Luis Range - Pecho 2011 CFM, Subsection 0",0.0,0.0,0.0,0.0,0.0,0.0
2220,"San Luis Range - Pecho 2011 CFM, Subsection 1",0.0,0.0,0.0,0.0,0.0,0.0
2221,"San Luis Range - Pecho 2011 CFM, Subsection 2",0.0,0.0,0.0,0.0,0.0,0.0
2222,"San Luis Range - Pecho 2011 CFM, Subsection 3",0.0,0.0,0.0,0.0,0.0,0.0
2223,"San Luis Range - Pecho 2011 CFM, Subsection 4",0.0,0.0,0.0,0.0,0.0,0.0
2224,"San Luis Range 2011 CFM, Subsection 0",0.0,0.0,0.0,0.0,0.0,0.0
2225,"San Luis Range 2011 CFM, Subsection 1",0.0,0.0,0.0,0.0,0.0,0.0
2226,"San Luis Range 2011 CFM, Subsection 2",0.0,0.0,0.0,0.0,0.0,0.0
2227,"San Luis Range 2011 CFM, Subsection 3",0.0,0.0,0.0,0.0,0.0,0.0
2228,"San Luis Range 2011 CFM, Subsection 4",0.0,0.0,0.0,0.0,0.0,0.0
2229,"San Luis Range 2011 CFM, Subsection 5",0.0,0.0,0.0,0.0,0.0,0.0
2230,"San Luis Range 2011 CFM, Subsection 6",0.0,0.0,0.0,0.0,0.0,0.0
2231,"San Luis Range 2011 CFM, Subsection 7",0.0,0.0,0.0,0.0,0.0,0.0
2232,"San Luis Range 2011 CFM, Subsection 8",0.0,0.0,0.0,0.0,0.0,0.0
2233,"San Luis Range 2011 CFM, Subsection 9",0.0,0.0,0.0,0.0,0.0,0.0
2234,"San Luis Range 2011 CFM, Subsection 10",0.0,0.0,0.0,0.0,0.0,0.0
2235,"San Pedro Basin, Subsection 0",0.0,0.0,0.0,0.0,0.0,0.0
2236,"San Pedro Basin, Subsection 1",0.0,0.0,0.0,0.0,0.0,0.0
2237,"San Pedro Basin, Subsection 2",0.0,0.0,0.0,0.0,0.0,0.0
2238,"San Pedro Basin, Subsection 3",0.0,0.0,0.0,0.0,0.0,0.0
2239,"San Pedro Basin, Subsection 4",0.0,0.0,0.0,0.0,0.0,0.0
2240,"San Pedro Basin, Subsection 5",0.0,0.0,0.0,0.0,0.0,0.0
2241,"San Pedro Basin, Subsection 6",0.0,0.0,0.0,0.0,0.0,0.0
2242,"San Pedro Basin, Subsection 7",0.0,0.0,0.0,0.0,0.0,0.0
2243,"San Pedro Basin, Subsection 8",0.0,0.0,0.0,0.0,0.0,0.0
2244,"San Pedro Basin, Subsection 9",0.0,0.0,0.0,0.0,0.0,0.0
2245,"San Pedro Basin, Subsection 10",0.0,0.0,0.0,0.0,0.0,0.0
2246,"San Pedro Basin, Subsection 11",0.0,0.0,0.0,0.0,0.0,0.0
2247,"San Pedro Escarpment, Subsection 0",4.0E-5,0.0,0.0,0.0,4.0E-5,0.0
2248,"San Pedro Escarpment, Subsection 1",4.0E-5,0.0,0.0,0.0,4.0E-5,0.0
2249,"San Vicente, Subsection 0",0.0,0.0,0.0,0.0,0.0,0.0
2250,"San Vicente, Subsection 1",0.0,0.0,0.0,0.0,0.0,0.0
2251,"Santa Cruz Catalina Ridge alt1, Subsection 0",0.0,0.0,0.0,0.0,0.0,0.0
2252,"Santa Cruz Catalina Ridge alt1, Subsection 1",0.0,0.0,0.0,0.0,0.0,0.0
2253,"Santa Cruz Catalina Ridge alt1, Subsection 2",0.0,0.0,0.0,0.0,0.0,0.0
2254,"Santa Cruz Catalina Ridge alt1, Subsection 3",0.0,0.0,0.0,0.0,0.0,0.0
2255,"Santa Cruz Catalina Ridge alt1, Subsection 4",0.0,0.0,0.0,0.0,0.0,0.0
2256,"Santa Cruz Catalina Ridge alt1, Subsection 5",0.0,0.0,0.0,0.0,0.0,0.0
2257,"Santa Cruz Catalina Ridge alt1, Subsection 6",0.0,0.0,0.0,0.0,0.0,0.0
2258,"Santa Cruz Catalina Ridge alt1, Subsection 7",0.0,0.0,0.0,0.0,0.0,0.0
2259,"Santa Cruz Catalina Ridge alt1, Subsection 8",0.0,0.0,0.0,0.0,0.0,0.0
2260,"Santa Cruz Catalina Ridge alt1, Subsection 9",0.0,0.0,0.0,0.0,0.0,0.0
2261,"Santa Cruz Catalina Ridge alt1, Subsection 10",0.0,0.0,0.0,0.0,0.0,0.0
2262,"Santa Cruz Catalina Ridge alt1, Subsection 11",0.0,0.0,0.0,0.0,0.0,0.0
2263,"Santa Cruz Catalina Ridge alt1, Subsection 12",0.0,0.0,0.0,0.0,0.0,0.0
2264,"Santa Cruz Catalina Ridge alt1, Subsection 13",0.0,0.0,0.0,0.0,0.0,0.0
2265,"Santa Cruz Catalina Ridge alt1, Subsection 14",0.0,0.0,0.0,0.0,0.0,0.0
2266,"Santa Cruz Catalina Ridge alt1, Subsection 15",0.0,0.0,0.0,0.0,0.0,0.0
2267,"Santa Cruz Catalina Ridge alt1, Subsection 16",0.0,0.0,0.0,0.0,0.0,0.0
2268,"Santa Cruz Catalina Ridge alt1, Subsection 17",0.0,0.0,0.0,0.0,0.0,0.0
2269,"Santa Cruz Catalina Ridge alt1, Subsection 18",0.0,0.0,0.0,0.0,0.0,0.0
2270,"Santa Cruz Catalina Ridge alt1, Subsection 19",0.0,0.0,0.0,0.0,0.0,0.0
2271,"Santa Cruz Catalina Ridge alt1, Subsection 20",0.0,0.0,0.0,0.0,0.0,0.0
2272,"Santa Cruz Island, Subsection 0",0.0,0.0,0.0,0.0,0.0,0.0
2273,"Santa Cruz Island, Subsection 1",0.0,0.0,0.0,0.0,0.0,0.0
2274,"Santa Cruz Island, Subsection 2",0.0,0.0,0.0,0.0,0.0,0.0
2275,"Santa Cruz Island, Subsection 3",0.0,0.0,0.0,0.0,0.0,0.0
2276,"Santa Cruz Island, Subsection 4",0.0,0.0,0.0,0.0,0.0,0.0
2277,"Santa Cruz Island, Subsection 5",0.0,0.0,0.0,0.0,0.0,0.0
2278,"Santa Cruz Island, Subsection 6",0.0,0.0,0.0,0.0,0.0,0.0
2279,"Santa Cruz Island, Subsection 7",0.0,0.0,0.0,0.0,0.0,0.0
2280,"Santa Cruz Island, Subsection 8",0.0,0.0,0.0,0.0,0.0,0.0
2281,"Santa Cruz Island, Subsection 9",0.0,0.0,0.0,0.0,0.0,0.0
2282,"Santa Cruz Island, Subsection 10",0.0,0.0,0.0,0.0,0.0,0.0
2283,"Santa Monica Bay, Subsection 0",0.0,0.0,0.0,0.0,0.0,0.0
2284,"Santa Monica Bay, Subsection 1",0.0,0.0,0.0,0.0,0.0,0.0
2285,"Santa Monica alt 1, Subsection 0",4.0E-5,0.0,0.0,0.0,4.0E-5,0.0
2286,"Santa Monica alt 1, Subsection 1",4.0E-5,0.0,0.0,0.0,4.0E-5,0.0
2287,"Santa Rosa Island, Subsection 0",0.0,0.0,0.0,0.0,0.0,0.0
2288,"Santa Rosa Island, Subsection 1",0.0,0.0,0.0,0.0,0.0,0.0
2289,"Santa Rosa Island, Subsection 2",0.0,0.0,0.0,0.0,0.0,0.0
2290,"Santa Rosa Island, Subsection 3",0.0,0.0,0.0,0.0,0.0,0.0
2291,"Santa Rosa Island, Subsection 4",0.0,0.0,0.0,0.0,0.0,0.0
2292,"Santa Rosa Island, Subsection 5",0.0,0.0,0.0,0.0,0.0,0.0
2293,"Santa Rosa Island, Subsection 6",0.0,0.0,0.0,0.0,0.0,0.0
2294,"Santa Rosa Island, Subsection 7",0.0,0.0,0.0,0.0,0.0,0.0
2295,"Santa Rosa Island, Subsection 8",0.0,0.0,0.0,0.0,0.0,0.0
2296,"Santa Rosa Island, Subsection 9",0.0,0.0,0.0,0.0,0.0,0.0
2297,"Santa Rosa Island, Subsection 10",0.0,0.0,0.0,0.0,0.0,0.0
2298,"Santa Rosa Island, Subsection 11",0.0,0.0,0.0,0.0,0.0,0.0
2299,"Santa Rosa Island, Subsection 12",0.0,0.0,0.0,0.0,0.0,0.0
2300,"Santa Rosa Island, Subsection 13",0.0,0.0,0.0,0.0,0.0,0.0
2301,"Santa Susana East (connector), Subsection 0",4.0E-5,0.0,4.0E-5,4.0E-5,4.0E-5,0.0
2302,"Santa Susana East (connector), Subsection 1",4.0E-5,0.0,4.0E-5,4.0E-5,4.0E-5,0.0
2303,"Santa Susana alt 1, Subsection 0",8.0E-5,4.0E-5,8.0E-5,8.0E-5,8.0E-5,4.0E-5
2304,"Santa Susana alt 1, Subsection 1",8.0E-5,4.0E-5,8.0E-5,8.0E-5,8.0E-5,4.0E-5
2305,"Santa Susana alt 1, Subsection 2",8.0E-5,4.0E-5,8.0E-5,8.0E-5,8.0E-5,4.0E-5
2306,"Santa Ynez (East), Subsection 0",4.0E-5,0.0,0.0,0.0,4.0E-5,0.0
2307,"Santa Ynez (East), Subsection 1",4.0E-5,0.0,0.0,0.0,4.0E-5,0.0
2308,"Santa Ynez (East), Subsection 2",4.0E-5,0.0,0.0,0.0,4.0E-5,0.0
2309,"Santa Ynez (East), Subsection 3",4.0E-5,0.0,0.0,0.0,4.0E-5,0.0
2310,"Santa Ynez (East), Subsection 4",4.0E-5,0.0,0.0,0.0,4.0E-5,0.0
2311,"Santa Ynez (East), Subsection 5",4.0E-5,0.0,0.0,0.0,4.0E-5,0.0
2312,"Santa Ynez (East), Subsection 6",4.0E-5,0.0,0.0,0.0,4.0E-5,0.0
2313,"Santa Ynez (East), Subsection 7",8.0E-5,0.0,0.0,0.0,4.0E-5,0.0
2314,"Santa Ynez (East), Subsection 8",4.0E-5,0.0,0.0,0.0,4.0E-5,0.0
2315,"Santa Ynez (East), Subsection 9",4.0E-5,0.0,0.0,0.0,4.0E-5,0.0
2316,"Santa Ynez (West), Subsection 0",4.0E-5,0.0,0.0,0.0,4.0E-5,0.0
2317,"Santa Ynez (West), Subsection 1",4.0E-5,0.0,0.0,0.0,4.0E-5,0.0
2318,"Santa Ynez (West), Subsection 2",4.0E-5,0.0,0.0,0.0,4.0E-5,0.0
2319,"Santa Ynez (West), Subsection 3",4.0E-5,0.0,0.0,0.0,4.0E-5,0.0
2320,"Santa Ynez (West), Subsection 4",4.0E-5,0.0,0.0,0.0,4.0E-5,0.0
2321,"Santa Ynez (West), Subsection 5",4.0E-5,0.0,0.0,0.0,4.0E-5,0.0
2322,"Santa Ynez (West), Subsection 6",4.0E-5,0.0,0.0,0.0,4.0E-5,0.0
2323,"Santa Ynez (West), Subsection 7",4.0E-5,0.0,0.0,0.0,4.0E-5,0.0
2324,"Santa Ynez (West), Subsection 8",4.0E-5,0.0,0.0,0.0,4.0E-5,0.0
2325,"Santa Ynez (West), Subsection 9",4.0E-5,0.0,0.0,0.0,4.0E-5,0.0
2326,"Santa Ynez (West), Subsection 10",4.0E-5,0.0,0.0,0.0,4.0E-5,0.0
2327,"Santa Ynez (West), Subsection 11",4.0E-5,0.0,0.0,0.0,4.0E-5,0.0
2328,"Santa Ynez (West), Subsection 12",4.0E-5,0.0,0.0,0.0,4.0E-5,0.0
2329,"Santa Ynez (West), Subsection 13",4.0E-5,0.0,0.0,0.0,4.0E-5,0.0
2330,"Santa Ynez (West), Subsection 14",4.0E-5,0.0,0.0,0.0,4.0E-5,0.0
2331,"Santa Ynez (West), Subsection 15",4.0E-5,0.0,0.0,0.0,4.0E-5,0.0
2332,"Santa Ynez (West), Subsection 16",4.0E-5,0.0,0.0,0.0,4.0E-5,0.0
2333,"Santa Ynez River, Subsection 0",0.0,0.0,0.0,0.0,0.0,0.0
2334,"Santa Ynez River, Subsection 1",4.0E-5,0.0,0.0,0.0,4.0E-5,0.0
2335,"Santa Ynez River, Subsection 2",4.0E-5,0.0,0.0,0.0,4.0E-5,0.0
2336,"Santa Ynez River, Subsection 3",4.0E-5,0.0,0.0,0.0,4.0E-5,0.0
2337,"Santa Ynez River, Subsection 4",4.0E-5,0.0,0.0,0.0,4.0E-5,0.0
2338,"Santa Ynez River, Subsection 5",4.0E-5,0.0,0.0,0.0,4.0E-5,0.0
2339,"Santa Ynez River, Subsection 6",4.0E-5,0.0,0.0,0.0,4.0E-5,0.0
2340,"Santa Ynez River, Subsection 7",4.0E-5,0.0,0.0,0.0,4.0E-5,0.0
2341,"Santa Ynez River, Subsection 8",4.0E-5,0.0,0.0,0.0,4.0E-5,0.0
2342,"Santa Ynez River, Subsection 9",0.0,0.0,0.0,0.0,0.0,0.0
2343,"Santa Ynez River, Subsection 10",0.0,0.0,0.0,0.0,0.0,0.0
2344,"Santa Ynez River, Subsection 11",0.0,0.0,0.0,0.0,0.0,0.0
2345,"Sargent 2011 CFM, Subsection 0",0.0,0.0,0.0,0.0,0.0,0.0
2346,"Sargent 2011 CFM, Subsection 1",0.0,0.0,0.0,0.0,0.0,0.0
2347,"Sargent 2011 CFM, Subsection 2",0.0,0.0,0.0,0.0,0.0,0.0
2348,"Sargent 2011 CFM, Subsection 3",0.0,0.0,0.0,0.0,0.0,0.0
2349,"Sargent 2011 CFM, Subsection 4",0.0,0.0,0.0,0.0,0.0,0.0
2350,"Sargent 2011 CFM, Subsection 5",0.0,0.0,0.0,0.0,0.0,0.0
2351,"Sargent 2011 CFM, Subsection 6",0.0,0.0,0.0,0.0,0.0,0.0
2352,"Sargent 2011 CFM, Subsection 7",0.0,0.0,0.0,0.0,0.0,0.0
2353,"Sargent 2011 CFM, Subsection 8",0.0,0.0,0.0,0.0,0.0,0.0
2354,"Sargent 2011 CFM, Subsection 9",0.0,0.0,0.0,0.0,0.0,0.0
2355,"Scodie Lineament, Subsection 0",0.0,0.0,0.0,0.0,0.0,0.0
2356,"Scodie Lineament, Subsection 1",0.0,0.0,0.0,0.0,0.0,0.0
2357,"Scodie Lineament, Subsection 2",0.0,0.0,0.0,0.0,0.0,0.0
2358,"Scodie Lineament, Subsection 3",0.0,0.0,0.0,0.0,0.0,0.0
2359,"Scodie Lineament, Subsection 4",0.0,0.0,0.0,0.0,0.0,0.0
2360,"Sheephole, Subsection 0",0.0,0.0,0.0,0.0,0.0,0.0
2361,"Sheephole, Subsection 1",0.0,0.0,0.0,0.0,0.0,0.0
2362,"Sheephole, Subsection 2",0.0,0.0,0.0,0.0,0.0,0.0
2363,"Shoreline, Subsection 0",0.0,0.0,0.0,0.0,0.0,0.0
2364,"Shoreline, Subsection 1",0.0,0.0,0.0,0.0,0.0,0.0
2365,"Shoreline, Subsection 2",0.0,0.0,0.0,0.0,0.0,0.0
2366,"Shoreline, Subsection 3",0.0,0.0,0.0,0.0,0.0,0.0
2367,"Sierra Madre, Subsection 0",8.0E-5,0.0,4.0E-5,4.0E-5,8.0E-5,0.0
2368,"Sierra Madre, Subsection 1",8.0E-5,0.0,4.0E-5,4.0E-5,8.0E-5,0.0
2369,"Sierra Madre, Subsection 2",8.0E-5,0.0,4.0E-5,4.0E-5,8.0E-5,0.0
2370,"Sierra Madre, Subsection 3",8.0E-5,0.0,4.0E-5,4.0E-5,8.0E-5,0.0
2371,"Sierra Madre, Subsection 4",4.0E-5,0.0,4.0E-5,4.0E-5,4.0E-5,0.0
2372,"Sierra Madre, Subsection 5",4.0E-5,0.0,4.0E-5,4.0E-5,4.0E-5,0.0
2373,"Sierra Madre, Subsection 6",4.0E-5,0.0,4.0E-5,4.0E-5,4.0E-5,0.0
2374,"Sierra Madre (San Fernando), Subsection 0",4.0E-5,0.0,4.0E-5,4.0E-5,4.0E-5,0.0
2375,"Sierra Madre (San Fernando), Subsection 1",4.0E-5,0.0,4.0E-5,4.0E-5,4.0E-5,0.0
2376,"Sierra Madre (San Fernando), Subsection 2",4.0E-5,0.0,4.0E-5,4.0E-5,4.0E-5,0.0
2377,"Sierra Nevada  (No Extension), Subsection 0",0.0,0.0,0.0,0.0,0.0,0.0
2378,"Sierra Nevada  (No Extension), Subsection 1",0.0,0.0,0.0,0.0,0.0,0.0
2379,"Sierra Nevada  (No Extension), Subsection 2",0.0,0.0,0.0,0.0,0.0,0.0
2380,"Sierra Nevada  (No Extension), Subsection 3",0.0,0.0,0.0,0.0,0.0,0.0
2381,"Silver Creek 2011 CFM, Subsection 0",0.0,0.0,0.0,0.0,0.0,0.0
2382,"Silver Creek 2011 CFM, Subsection 1",0.0,0.0,0.0,0.0,0.0,0.0
2383,"Silver Creek 2011 CFM, Subsection 2",0.0,0.0,0.0,0.0,0.0,0.0
2384,"Silver Creek 2011 CFM, Subsection 3",0.0,0.0,0.0,0.0,0.0,0.0
2385,"Silver Creek 2011 CFM, Subsection 4",0.0,0.0,0.0,0.0,0.0,0.0
2386,"Silver Creek 2011 CFM, Subsection 5",0.0,0.0,0.0,0.0,0.0,0.0
2387,"Silver Creek 2011 CFM, Subsection 6",0.0,0.0,0.0,0.0,0.0,0.0
2388,"Silver Creek 2011 CFM, Subsection 7",0.0,0.0,0.0,0.0,0.0,0.0
2389,"Silver Creek 2011 CFM, Subsection 8",0.0,0.0,0.0,0.0,0.0,0.0
2390,"Simi-Santa Rosa, Subsection 0",0.0,0.0,0.0,0.0,0.0,0.0
2391,"Simi-Santa Rosa, Subsection 1",0.0,0.0,0.0,0.0,0.0,0.0
2392,"Simi-Santa Rosa, Subsection 2",0.0,0.0,0.0,0.0,0.0,0.0
2393,"Simi-Santa Rosa, Subsection 3",0.0,0.0,0.0,0.0,0.0,0.0
2394,"Simi-Santa Rosa, Subsection 4",0.0,0.0,0.0,0.0,0.0,0.0
2395,"Simi-Santa Rosa, Subsection 5",0.0,0.0,0.0,0.0,0.0,0.0
2396,"Simi-Santa Rosa, Subsection 6",0.0,0.0,0.0,0.0,0.0,0.0
2397,"Sisar, Subsection 0",0.0,0.0,0.0,0.0,0.0,0.0
2398,"Sisar, Subsection 1",0.0,0.0,0.0,0.0,0.0,0.0
2399,"Skinner Flat 2011 CFM, Subsection 0",0.0,0.0,0.0,0.0,0.0,0.0
2400,"Skinner Flat 2011 CFM, Subsection 1",0.0,0.0,0.0,0.0,0.0,0.0
2401,"Skinner Flat 2011 CFM, Subsection 2",0.0,0.0,0.0,0.0,0.0,0.0
2402,"So Sierra Nevada, Subsection 0",0.0,0.0,0.0,0.0,0.0,0.0
2403,"So Sierra Nevada, Subsection 1",0.0,0.0,0.0,0.0,0.0,0.0
2404,"So Sierra Nevada, Subsection 2",0.0,0.0,0.0,0.0,0.0,0.0
2405,"So Sierra Nevada, Subsection 3",0.0,0.0,0.0,0.0,0.0,0.0
2406,"So Sierra Nevada, Subsection 4",0.0,0.0,0.0,0.0,0.0,0.0
2407,"So Sierra Nevada, Subsection 5",0.0,0.0,0.0,0.0,0.0,0.0
2408,"So Sierra Nevada, Subsection 6",0.0,0.0,0.0,0.0,0.0,0.0
2409,"So Sierra Nevada, Subsection 7",0.0,0.0,0.0,0.0,0.0,0.0
2410,"So Sierra Nevada, Subsection 8",0.0,0.0,0.0,0.0,0.0,0.0
2411,"So Sierra Nevada, Subsection 9",0.0,0.0,0.0,0.0,0.0,0.0
2412,"So Sierra Nevada, Subsection 10",0.0,0.0,0.0,0.0,0.0,0.0
2413,"So Sierra Nevada, Subsection 11",0.0,0.0,0.0,0.0,0.0,0.0
2414,"So Sierra Nevada, Subsection 12",0.0,0.0,0.0,0.0,0.0,0.0
2415,"South Cuyama, Subsection 0",0.0,0.0,0.0,0.0,0.0,0.0
2416,"South Cuyama, Subsection 1",0.0,0.0,0.0,0.0,0.0,0.0
2417,"South Cuyama, Subsection 2",0.0,0.0,0.0,0.0,0.0,0.0
2418,"South Cuyama, Subsection 3",0.0,0.0,0.0,0.0,0.0,0.0
2419,"South Cuyama, Subsection 4",0.0,0.0,0.0,0.0,0.0,0.0
2420,"South Cuyama, Subsection 5",0.0,0.0,0.0,0.0,0.0,0.0
2421,"South Cuyama, Subsection 6",0.0,0.0,0.0,0.0,0.0,0.0
2422,"South Klamath Lake East, Subsection 0",0.0,0.0,0.0,0.0,0.0,0.0
2423,"South Klamath Lake East, Subsection 1",0.0,0.0,0.0,0.0,0.0,0.0
2424,"South Klamath Lake East, Subsection 2",0.0,0.0,0.0,0.0,0.0,0.0
2425,"South Klamath Lake East, Subsection 3",0.0,0.0,0.0,0.0,0.0,0.0
2426,"South Klamath Lake East, Subsection 4",0.0,0.0,0.0,0.0,0.0,0.0
2427,"South Klamath Lake East, Subsection 5",0.0,0.0,0.0,0.0,0.0,0.0
2428,"South Klamath Lake East, Subsection 6",0.0,0.0,0.0,0.0,0.0,0.0
2429,"South Klamath Lake East, Subsection 7",0.0,0.0,0.0,0.0,0.0,0.0
2430,"South Klamath Lake East, Subsection 8",0.0,0.0,0.0,0.0,0.0,0.0
2431,"South Klamath Lake West, Subsection 0",0.0,0.0,0.0,0.0,0.0,0.0
2432,"South Klamath Lake West, Subsection 1",0.0,0.0,0.0,0.0,0.0,0.0
2433,"South Klamath Lake West, Subsection 2",0.0,0.0,0.0,0.0,0.0,0.0
2434,"South Klamath Lake West, Subsection 3",0.0,0.0,0.0,0.0,0.0,0.0
2435,"South Klamath Lake West, Subsection 4",0.0,0.0,0.0,0.0,0.0,0.0
2436,"South Klamath Lake West, Subsection 5",0.0,0.0,0.0,0.0,0.0,0.0
2437,"South Klamath Lake West, Subsection 6",0.0,0.0,0.0,0.0,0.0,0.0
2438,"South Klamath Lake West, Subsection 7",0.0,0.0,0.0,0.0,0.0,0.0
2439,"South Klamath Lake West, Subsection 8",0.0,0.0,0.0,0.0,0.0,0.0
2440,"Superstition Hills, Subsection 0",0.0,0.0,0.0,0.0,0.0,0.0
2441,"Superstition Hills, Subsection 1",0.0,0.0,0.0,0.0,0.0,0.0
2442,"Superstition Hills, Subsection 2",0.0,0.0,0.0,0.0,0.0,0.0
2443,"Superstition Hills, Subsection 3",0.0,0.0,0.0,0.0,0.0,0.0
2444,"Superstition Hills, Subsection 4",8.0E-5,4.0E-5,4.0E-5,4.0E-5,8.0E-5,8.0E-5
2445,"Superstition Hills, Subsection 5",8.0E-5,4.0E-5,4.0E-5,4.0E-5,8.0E-5,8.0E-5
2446,"Surprise Valley 2011 CFM, Subsection 0",0.0,0.0,0.0,0.0,0.0,0.0
2447,"Surprise Valley 2011 CFM, Subsection 1",0.0,0.0,0.0,0.0,0.0,0.0
2448,"Surprise Valley 2011 CFM, Subsection 2",0.0,0.0,0.0,0.0,0.0,0.0
2449,"Surprise Valley 2011 CFM, Subsection 3",0.0,0.0,0.0,0.0,0.0,0.0
2450,"Surprise Valley 2011 CFM, Subsection 4",0.0,0.0,0.0,0.0,0.0,0.0
2451,"Surprise Valley 2011 CFM, Subsection 5",0.0,0.0,0.0,0.0,0.0,0.0
2452,"Surprise Valley 2011 CFM, Subsection 6",0.0,0.0,0.0,0.0,0.0,0.0
2453,"Surprise Valley 2011 CFM, Subsection 7",0.0,0.0,0.0,0.0,0.0,0.0
2454,"Surprise Valley 2011 CFM, Subsection 8",0.0,0.0,0.0,0.0,0.0,0.0
2455,"Surprise Valley 2011 CFM, Subsection 9",0.0,0.0,0.0,0.0,0.0,0.0
2456,"Surprise Valley 2011 CFM, Subsection 10",0.0,0.0,0.0,0.0,0.0,0.0
2457,"Surprise Valley 2011 CFM, Subsection 11",0.0,0.0,0.0,0.0,0.0,0.0
2458,"Surprise Valley 2011 CFM, Subsection 12",0.0,0.0,0.0,0.0,0.0,0.0
2459,"Surprise Valley 2011 CFM, Subsection 13",0.0,0.0,0.0,0.0,0.0,0.0
2460,"Surprise Valley 2011 CFM, Subsection 14",0.0,0.0,0.0,0.0,0.0,0.0
2461,"Surprise Valley 2011 CFM, Subsection 15",0.0,0.0,0.0,0.0,0.0,0.0
2462,"Swain Ravine - Spenceville, Subsection 0",0.0,0.0,0.0,0.0,0.0,0.0
2463,"Swain Ravine - Spenceville, Subsection 1",0.0,0.0,0.0,0.0,0.0,0.0
2464,"Swain Ravine - Spenceville, Subsection 2",0.0,0.0,0.0,0.0,0.0,0.0
2465,"Swain Ravine - Spenceville, Subsection 3",0.0,0.0,0.0,0.0,0.0,0.0
2466,"Swain Ravine - Spenceville, Subsection 4",0.0,0.0,0.0,0.0,0.0,0.0
2467,"Swain Ravine - Spenceville, Subsection 5",0.0,0.0,0.0,0.0,0.0,0.0
2468,"Swain Ravine - Spenceville, Subsection 6",0.0,0.0,0.0,0.0,0.0,0.0
2469,"Swain Ravine - Spenceville, Subsection 7",0.0,0.0,0.0,0.0,0.0,0.0
2470,"Swain Ravine - Spenceville, Subsection 8",0.0,0.0,0.0,0.0,0.0,0.0
2471,"Swain Ravine - Spenceville, Subsection 9",0.0,0.0,0.0,0.0,0.0,0.0
2472,"Swain Ravine - Spenceville, Subsection 10",0.0,0.0,0.0,0.0,0.0,0.0
2473,"Swain Ravine - Spenceville, Subsection 11",0.0,0.0,0.0,0.0,0.0,0.0
2474,"Swain Ravine - Spenceville, Subsection 12",0.0,0.0,0.0,0.0,0.0,0.0
2475,"Swain Ravine - Spenceville, Subsection 13",0.0,0.0,0.0,0.0,0.0,0.0
2476,"Swain Ravine - Spenceville, Subsection 14",0.0,0.0,0.0,0.0,0.0,0.0
2477,"Table Bluff, Subsection 0",0.0,0.0,0.0,0.0,0.0,0.0
2478,"Table Bluff, Subsection 1",0.0,0.0,0.0,0.0,0.0,0.0
2479,"Table Bluff, Subsection 2",0.0,0.0,0.0,0.0,0.0,0.0
2480,"Table Bluff, Subsection 3",0.0,0.0,0.0,0.0,0.0,0.0
2481,"Table Bluff, Subsection 4",0.0,0.0,0.0,0.0,0.0,0.0
2482,"Table Bluff, Subsection 5",0.0,0.0,0.0,0.0,0.0,0.0
2483,"Tank Canyon, Subsection 0",0.0,0.0,0.0,0.0,0.0,0.0
2484,"Tank Canyon, Subsection 1",0.0,0.0,0.0,0.0,0.0,0.0
2485,"Tank Canyon, Subsection 2",0.0,0.0,0.0,0.0,0.0,0.0
2486,"Tank Canyon, Subsection 3",0.0,0.0,0.0,0.0,0.0,0.0
2487,"Tank Canyon, Subsection 4",0.0,0.0,0.0,0.0,0.0,0.0
2488,"Tank Canyon, Subsection 5",0.0,0.0,0.0,0.0,0.0,0.0
2489,"Tank Canyon, Subsection 6",0.0,0.0,0.0,0.0,0.0,0.0
2490,"Thirty Mile Bank, Subsection 0",0.0,0.0,0.0,0.0,0.0,0.0
2491,"Thirty Mile Bank, Subsection 1",0.0,0.0,0.0,0.0,0.0,0.0
2492,"Thirty Mile Bank, Subsection 2",0.0,0.0,0.0,0.0,0.0,0.0
2493,"Thirty Mile Bank, Subsection 3",0.0,0.0,0.0,0.0,0.0,0.0
2494,"Thirty Mile Bank, Subsection 4",0.0,0.0,0.0,0.0,0.0,0.0
2495,"Thirty Mile Bank, Subsection 5",0.0,0.0,0.0,0.0,0.0,0.0
2496,"Thirty Mile Bank, Subsection 6",0.0,0.0,0.0,0.0,0.0,0.0
2497,"Thirty Mile Bank, Subsection 7",0.0,0.0,0.0,0.0,0.0,0.0
2498,"Tin Mountain, Subsection 0",0.0,0.0,0.0,0.0,0.0,0.0
2499,"Tin Mountain, Subsection 1",0.0,0.0,0.0,0.0,0.0,0.0
2500,"Tin Mountain, Subsection 2",0.0,0.0,0.0,0.0,0.0,0.0
2501,"Tin Mountain, Subsection 3",0.0,0.0,0.0,0.0,0.0,0.0
2502,"Tin Mountain, Subsection 4",0.0,0.0,0.0,0.0,0.0,0.0
2503,"Towne Pass, Subsection 0",0.0,0.0,0.0,0.0,0.0,0.0
2504,"Towne Pass, Subsection 1",0.0,0.0,0.0,0.0,0.0,0.0
2505,"Towne Pass, Subsection 2",0.0,0.0,0.0,0.0,0.0,0.0
2506,"Towne Pass, Subsection 3",0.0,0.0,0.0,0.0,0.0,0.0
2507,"Towne Pass, Subsection 4",0.0,0.0,0.0,0.0,0.0,0.0
2508,"Towne Pass, Subsection 5",0.0,0.0,0.0,0.0,0.0,0.0
2509,"Trinidad (alt1), Subsection 0",0.0,0.0,0.0,0.0,0.0,0.0
2510,"Trinidad (alt1), Subsection 1",0.0,0.0,0.0,0.0,0.0,0.0
2511,"Trinidad (alt1), Subsection 2",0.0,0.0,0.0,0.0,0.0,0.0
2512,"Trinidad (alt1), Subsection 3",0.0,0.0,0.0,0.0,0.0,0.0
2513,"Trinidad (alt1), Subsection 4",0.0,0.0,0.0,0.0,0.0,0.0
2514,"Trinidad (alt1), Subsection 5",0.0,0.0,0.0,0.0,0.0,0.0
2515,"Trinidad (alt1), Subsection 6",0.0,0.0,0.0,0.0,0.0,0.0
2516,"Trinidad (alt1), Subsection 7",0.0,0.0,0.0,0.0,0.0,0.0
2517,"Ventura-Pitas Point, Subsection 0",4.0E-5,4.0E-5,4.0E-5,4.0E-5,4.0E-5,0.0
2518,"Ventura-Pitas Point, Subsection 1",4.0E-5,4.0E-5,4.0E-5,4.0E-5,4.0E-5,0.0
2519,"Ventura-Pitas Point, Subsection 2",4.0E-5,4.0E-5,4.0E-5,4.0E-5,4.0E-5,0.0
2520,"Ventura-Pitas Point, Subsection 3",4.0E-5,4.0E-5,4.0E-5,4.0E-5,4.0E-5,0.0
2521,"Ventura-Pitas Point, Subsection 4",4.0E-5,4.0E-5,4.0E-5,4.0E-5,4.0E-5,0.0
2522,"Ventura-Pitas Point, Subsection 5",4.0E-5,4.0E-5,4.0E-5,4.0E-5,4.0E-5,0.0
2523,"Ventura-Pitas Point, Subsection 6",4.0E-5,4.0E-5,4.0E-5,4.0E-5,4.0E-5,0.0
2524,"Ventura-Pitas Point, Subsection 7",4.0E-5,4.0E-5,4.0E-5,4.0E-5,4.0E-5,0.0
2525,"Verdugo, Subsection 0",0.0,0.0,0.0,0.0,0.0,0.0
2526,"Verdugo, Subsection 1",0.0,0.0,0.0,0.0,0.0,0.0
2527,"Verdugo, Subsection 2",0.0,0.0,0.0,0.0,0.0,0.0
2528,"Verdugo, Subsection 3",0.0,0.0,0.0,0.0,0.0,0.0
2529,"Walker Spring 2011 CFM, Subsection 0",0.0,0.0,0.0,0.0,0.0,0.0
2530,"Walker Spring 2011 CFM, Subsection 1",0.0,0.0,0.0,0.0,0.0,0.0
2531,"Walker Spring 2011 CFM, Subsection 2",0.0,0.0,0.0,0.0,0.0,0.0
2532,"Walker Spring 2011 CFM, Subsection 3",0.0,0.0,0.0,0.0,0.0,0.0
2533,"Walker Spring 2011 CFM, Subsection 4",0.0,0.0,0.0,0.0,0.0,0.0
2534,"Walker Spring 2011 CFM, Subsection 5",0.0,0.0,0.0,0.0,0.0,0.0
2535,"Walker Spring 2011 CFM, Subsection 6",0.0,0.0,0.0,0.0,0.0,0.0
2536,"West Napa 2011 CFM, Subsection 0",0.0,0.0,0.0,0.0,0.0,0.0
2537,"West Napa 2011 CFM, Subsection 1",0.0,0.0,0.0,0.0,0.0,0.0
2538,"West Napa 2011 CFM, Subsection 2",0.0,0.0,0.0,0.0,0.0,0.0
2539,"West Napa 2011 CFM, Subsection 3",0.0,0.0,0.0,0.0,0.0,0.0
2540,"West Napa 2011 CFM, Subsection 4",0.0,0.0,0.0,0.0,0.0,0.0
2541,"West Napa 2011 CFM, Subsection 5",0.0,0.0,0.0,0.0,0.0,0.0
2542,"West Napa 2011 CFM, Subsection 6",0.0,0.0,0.0,0.0,0.0,0.0
2543,"West Tahoe, Subsection 0",0.0,0.0,0.0,0.0,0.0,0.0
2544,"West Tahoe, Subsection 1",0.0,0.0,0.0,0.0,0.0,0.0
2545,"West Tahoe, Subsection 2",0.0,0.0,0.0,0.0,0.0,0.0
2546,"West Tahoe, Subsection 3",0.0,0.0,0.0,0.0,0.0,0.0
2547,"West Tahoe, Subsection 4",0.0,0.0,0.0,0.0,0.0,0.0
2548,"West Tahoe, Subsection 5",0.0,0.0,0.0,0.0,0.0,0.0
2549,"West Tahoe, Subsection 6",0.0,0.0,0.0,0.0,0.0,0.0
2550,"White Mountains, Subsection 0",0.0,0.0,0.0,0.0,0.0,0.0
2551,"White Mountains, Subsection 1",0.0,0.0,0.0,0.0,0.0,0.0
2552,"White Mountains, Subsection 2",0.0,0.0,0.0,0.0,0.0,0.0
2553,"White Mountains, Subsection 3",0.0,0.0,0.0,0.0,0.0,0.0
2554,"White Mountains, Subsection 4",0.0,0.0,0.0,0.0,0.0,0.0
2555,"White Mountains, Subsection 5",0.0,0.0,0.0,0.0,0.0,0.0
2556,"White Mountains, Subsection 6",0.0,0.0,0.0,0.0,0.0,0.0
2557,"White Mountains, Subsection 7",0.0,0.0,0.0,0.0,0.0,0.0
2558,"White Mountains, Subsection 8",0.0,0.0,0.0,0.0,0.0,0.0
2559,"White Mountains, Subsection 9",0.0,0.0,0.0,0.0,0.0,0.0
2560,"White Mountains, Subsection 10",0.0,0.0,0.0,0.0,0.0,0.0
2561,"White Mountains, Subsection 11",0.0,0.0,0.0,0.0,0.0,0.0
2562,"White Mountains, Subsection 12",0.0,0.0,0.0,0.0,0.0,0.0
2563,"White Mountains, Subsection 13",0.0,0.0,0.0,0.0,0.0,0.0
2564,"White Mountains, Subsection 14",0.0,0.0,0.0,0.0,0.0,0.0
2565,"White Mountains, Subsection 15",0.0,0.0,0.0,0.0,0.0,0.0
2566,"White Mountains, Subsection 16",0.0,0.0,0.0,0.0,0.0,0.0
2567,"White Mountains, Subsection 17",0.0,0.0,0.0,0.0,0.0,0.0
2568,"White Wolf, Subsection 0",0.0,0.0,0.0,0.0,0.0,0.0
2569,"White Wolf, Subsection 1",0.0,0.0,0.0,0.0,0.0,0.0
2570,"White Wolf, Subsection 2",0.0,0.0,0.0,0.0,0.0,0.0
2571,"White Wolf, Subsection 3",0.0,0.0,0.0,0.0,0.0,0.0
2572,"White Wolf, Subsection 4",0.0,0.0,0.0,0.0,0.0,0.0
2573,"White Wolf, Subsection 5",0.0,0.0,0.0,0.0,0.0,0.0
2574,"White Wolf, Subsection 6",0.0,0.0,0.0,0.0,0.0,0.0
2575,"White Wolf, Subsection 7",0.0,0.0,0.0,0.0,0.0,0.0
2576,"White Wolf, Subsection 8",0.0,0.0,0.0,0.0,0.0,0.0
2577,"White Wolf (Extension), Subsection 0",0.0,0.0,0.0,0.0,0.0,0.0
2578,"White Wolf (Extension), Subsection 1",0.0,0.0,0.0,0.0,0.0,0.0
2579,"White Wolf (Extension), Subsection 2",0.0,0.0,0.0,0.0,0.0,0.0
2580,"White Wolf (Extension), Subsection 3",0.0,0.0,0.0,0.0,0.0,0.0
2581,"White Wolf (Extension), Subsection 4",0.0,0.0,0.0,0.0,0.0,0.0
2582,"White Wolf (Extension), Subsection 5",0.0,0.0,0.0,0.0,0.0,0.0
2583,"White Wolf (Extension), Subsection 6",0.0,0.0,0.0,0.0,0.0,0.0
2584,"Whittier alt 1, Subsection 0",0.0,0.0,0.0,0.0,0.0,0.0
2585,"Whittier alt 1, Subsection 1",0.0,0.0,0.0,0.0,0.0,0.0
2586,"Whittier alt 1, Subsection 2",0.0,0.0,0.0,0.0,0.0,0.0
2587,"Whittier alt 1, Subsection 3",0.0,0.0,0.0,0.0,0.0,0.0
2588,"Whittier alt 1, Subsection 4",0.0,0.0,0.0,0.0,0.0,0.0
2589,"Whittier alt 1, Subsection 5",0.0,0.0,0.0,0.0,0.0,0.0
2590,"Whittier alt 1, Subsection 6",0.0,0.0,0.0,0.0,0.0,0.0
2591,"Whittier alt 1, Subsection 7",0.0,0.0,0.0,0.0,0.0,0.0
2592,"Wight Way 2011 CFM, Subsection 0",0.0,0.0,0.0,0.0,0.0,0.0
2593,"Wight Way 2011 CFM, Subsection 1",0.0,0.0,0.0,0.0,0.0,0.0
2594,"Wight Way 2011 CFM, Subsection 2",0.0,0.0,0.0,0.0,0.0,0.0
2595,"Yorba Linda, Subsection 0",0.0,0.0,0.0,0.0,0.0,0.0
2596,"Yorba Linda, Subsection 1",0.0,0.0,0.0,0.0,0.0,0.0
2597,"Yorba Linda, Subsection 2",0.0,0.0,0.0,0.0,0.0,0.0
2598,"Zayante-Vergeles 2011 CFM, Subsection 0",0.0,0.0,0.0,0.0,0.0,0.0
2599,"Zayante-Vergeles 2011 CFM, Subsection 1",0.0,0.0,0.0,0.0,0.0,0.0
2600,"Zayante-Vergeles 2011 CFM, Subsection 2",0.0,0.0,0.0,0.0,0.0,0.0
2601,"Zayante-Vergeles 2011 CFM, Subsection 3",0.0,0.0,0.0,0.0,0.0,0.0
2602,"Zayante-Vergeles 2011 CFM, Subsection 4",0.0,0.0,0.0,0.0,0.0,0.0
2603,"Zayante-Vergeles 2011 CFM, Subsection 5",0.0,0.0,0.0,0.0,0.0,0.0
2604,"Zayante-Vergeles 2011 CFM, Subsection 6",0.0,0.0,0.0,0.0,0.0,0.0
2605,"Zayante-Vergeles 2011 CFM, Subsection 7",0.0,0.0,0.0,0.0,0.0,0.0
